         251
    -0.000006
    -0.000007
    -0.000008
    -0.000008
    -0.000009
    -0.000011
    -0.000012
    -0.000013
    -0.000015
    -0.000017
    -0.000018
    -0.000021
    -0.000023
    -0.000026
    -0.000028
    -0.000032
    -0.000035
    -0.000039
    -0.000044
    -0.000048
    -0.000054
    -0.000060
    -0.000066
    -0.000073
    -0.000081
    -0.000090
    -0.000100
    -0.000110
    -0.000122
    -0.000135
    -0.000149
    -0.000164
    -0.000181
    -0.000200
    -0.000220
    -0.000243
    -0.000267
    -0.000294
    -0.000323
    -0.000355
    -0.000390
    -0.000429
    -0.000470
    -0.000516
    -0.000565
    -0.000619
    -0.000678
    -0.000742
    -0.000812
    -0.000887
    -0.000969
    -0.001058
    -0.001155
    -0.001260
    -0.001373
    -0.001496
    -0.001629
    -0.001772
    -0.001928
    -0.002096
    -0.002277
    -0.002472
    -0.002683
    -0.002910
    -0.003154
    -0.003417
    -0.003700
    -0.004004
    -0.004330
    -0.004681
    -0.005057
    -0.005460
    -0.005891
    -0.006354
    -0.006848
    -0.007377
    -0.007943
    -0.008546
    -0.009191
    -0.009878
    -0.010610
    -0.011391
    -0.012221
    -0.013104
    -0.014043
    -0.015041
    -0.016100
    -0.017223
    -0.018414
    -0.019676
    -0.021011
    -0.022424
    -0.023918
    -0.025496
    -0.027162
    -0.028920
    -0.030773
    -0.032724
    -0.034779
    -0.036940
    -0.039211
    -0.041597
    -0.044101
    -0.046727
    -0.049478
    -0.052360
    -0.055374
    -0.058526
    -0.061818
    -0.065255
    -0.068839
    -0.072574
    -0.076463
    -0.080509
    -0.084715
    -0.089083
    -0.093615
    -0.098314
    -0.103182
    -0.108219
    -0.113427
    -0.118807
    -0.124359
    -0.130083
    -0.135978
    -0.142044
    -0.148278
    -0.154680
    -0.161247
    -0.167975
    -0.174860
    -0.181900
    -0.189087
    -0.196418
    -0.203884
    -0.211480
    -0.219198
    -0.227028
    -0.234962
    -0.242989
    -0.251098
    -0.259278
    -0.267515
    -0.275797
    -0.284108
    -0.292434
    -0.300759
    -0.309065
    -0.317335
    -0.325550
    -0.333691
    -0.341737
    -0.349668
    -0.357462
    -0.365095
    -0.372546
    -0.379789
    -0.386802
    -0.393557
    -0.400031
    -0.406196
    -0.412026
    -0.417495
    -0.422575
    -0.427238
    -0.431458
    -0.435206
    -0.438456
    -0.441178
    -0.443347
    -0.444935
    -0.445914
    -0.446260
    -0.445946
    -0.444947
    -0.443238
    -0.440797
    -0.437601
    -0.433628
    -0.428858
    -0.423271
    -0.416851
    -0.409581
    -0.401447
    -0.392434
    -0.382533
    -0.371734
    -0.360030
    -0.347414
    -0.333885
    -0.319440
    -0.304081
    -0.287812
    -0.270639
    -0.252569
    -0.233614
    -0.213787
    -0.193103
    -0.171583
    -0.149245
    -0.126115
    -0.102217
    -0.077582
    -0.052240
    -0.026225
     0.000426
     0.027675
     0.055481
     0.083800
     0.112587
     0.141794
     0.171371
     0.201267
     0.231428
     0.261799
     0.292323
     0.322943
     0.353599
     0.384230
     0.414776
     0.445174
     0.475361
     0.505275
     0.534852
     0.564029
     0.592742
     0.620929
     0.648527
     0.675475
     0.701711
     0.727177
     0.751814
     0.775565
     0.798375
     0.820190
     0.840960
     0.860634
     0.879166
     0.896513
     0.912631
     0.927483
     0.941031
     0.953245
     0.964093
     0.973549
     0.981589
     0.988195
     0.993350
     0.997042
     0.999260
     1.000000
     0.999260
     0.997042
     0.993350
     0.988195
     0.981589
     0.973549
     0.964093
     0.953245
     0.941031
     0.927483
     0.912631
     0.896513
     0.879166
     0.860634
     0.840960
     0.820190
     0.798375
     0.775565
     0.751814
     0.727177
     0.701711
     0.675475
     0.648527
     0.620929
     0.592742
     0.564029
     0.534852
     0.505275
     0.475361
     0.445174
     0.414776
     0.384230
     0.353599
     0.322943
     0.292323
     0.261799
     0.231428
     0.201267
     0.171371
     0.141794
     0.112587
     0.083800
     0.055481
     0.027675
     0.000426
    -0.026225
    -0.052240
    -0.077582
    -0.102217
    -0.126115
    -0.149245
    -0.171583
    -0.193103
    -0.213787
    -0.233614
    -0.252569
    -0.270639
    -0.287812
    -0.304081
    -0.319440
    -0.333885
    -0.347414
    -0.360030
    -0.371734
    -0.382533
    -0.392434
    -0.401447
    -0.409581
    -0.416851
    -0.423271
    -0.428858
    -0.433628
    -0.437601
    -0.440797
    -0.443238
    -0.444947
    -0.445946
    -0.446260
    -0.445914
    -0.444935
    -0.443347
    -0.441178
    -0.438456
    -0.435206
    -0.431458
    -0.427238
    -0.422575
    -0.417495
    -0.412026
    -0.406196
    -0.400031
    -0.393557
    -0.386802
    -0.379789
    -0.372546
    -0.365095
    -0.357462
    -0.349668
    -0.341737
    -0.333691
    -0.325550
    -0.317335
    -0.309065
    -0.300759
    -0.292434
    -0.284108
    -0.275797
    -0.267515
    -0.259278
    -0.251098
    -0.242989
    -0.234962
    -0.227028
    -0.219198
    -0.211480
    -0.203884
    -0.196418
    -0.189087
    -0.181900
    -0.174860
    -0.167975
    -0.161247
    -0.154680
    -0.148278
    -0.142044
    -0.135978
    -0.130083
    -0.124359
    -0.118807
    -0.113427
    -0.108219
    -0.103182
    -0.098314
    -0.093615
    -0.089083
    -0.084715
    -0.080509
    -0.076463
    -0.072574
    -0.068839
    -0.065255
    -0.061818
    -0.058526
    -0.055374
    -0.052360
    -0.049478
    -0.046727
    -0.044101
    -0.041597
    -0.039211
    -0.036940
    -0.034779
    -0.032724
    -0.030773
    -0.028920
    -0.027162
    -0.025496
    -0.023918
    -0.022424
    -0.021011
    -0.019676
    -0.018414
    -0.017223
    -0.016100
    -0.015041
    -0.014043
    -0.013104
    -0.012221
    -0.011391
    -0.010610
    -0.009878
    -0.009191
    -0.008546
    -0.007943
    -0.007377
    -0.006848
    -0.006354
    -0.005891
    -0.005460
    -0.005057
    -0.004681
    -0.004330
    -0.004004
    -0.003700
    -0.003417
    -0.003154
    -0.002910
    -0.002683
    -0.002472
    -0.002277
    -0.002096
    -0.001928
    -0.001772
    -0.001629
    -0.001496
    -0.001373
    -0.001260
    -0.001155
    -0.001058
    -0.000969
    -0.000887
    -0.000812
    -0.000742
    -0.000678
    -0.000619
    -0.000565
    -0.000516
    -0.000470
    -0.000429
    -0.000390
    -0.000355
    -0.000323
    -0.000294
    -0.000267
    -0.000243
    -0.000220
    -0.000200
    -0.000181
    -0.000164
    -0.000149
    -0.000135
    -0.000122
    -0.000110
    -0.000100
    -0.000090
    -0.000081
    -0.000073
    -0.000066
    -0.000060
    -0.000054
    -0.000048
    -0.000044
    -0.000039
    -0.000035
    -0.000032
    -0.000028
    -0.000026
    -0.000023
    -0.000021
    -0.000018
    -0.000017
    -0.000015
    -0.000013
    -0.000012
    -0.000011
    -0.000009
    -0.000008
    -0.000008
    -0.000007
    -0.000006
