          51
       -0.001724053967581
        0.012512962212166
       -0.044549877410399
        0.089482427394989
       -0.098609719679383
        0.021517280531645
        0.080917451257516
       -0.080987178504457
       -0.032693981944546
        0.086909165820416
       -0.006879454319682
       -0.024473408666731
       -0.026172482056044
        0.044633800658907
        0.085778117742755
       -0.119330024039755
        0.030063997174025
       -0.020289837924850
        0.014543582826029
       -0.003531723658652
        0.016996734743500
       -0.008171418147185
       -0.005603665612909
       -0.006698418791416
        0.010372722886814
       -0.135661099898243
        0.017038244011019
        0.125022874023898
        0.137712325127268
       -0.105323411035670
       -0.181392537371948
       -0.058535994471185
        0.121602434089027
        0.113222703996755
        0.019487819858000
       -0.150325518114641
       -0.043544197231085
        0.187463466485497
        0.156030491276397
       -0.100899402830692
       -0.302032934537692
       -0.079950168994401
        0.320395231891780
        0.314996564262401
       -0.091027945554288
       -0.483136237801773
       -0.233221417566483
        0.569388052643490
        0.325048051272404
        0.133275256438196
       -0.188790027868208
        0.537191918108419
        1.868507503133515
        2.239439275333552
        0.649564247447870
       -0.826920748977500
       -1.437910186288718
        0.100236492795375
        1.923783982516852
        1.356382142251277
       -0.342785413032288
       -2.099972661461834
       -2.290607525613268
       -1.375579932231858
       -0.694222724097472
       -0.994177462124526
       -0.724805644157072
       -0.132080074279600
        0.375858707633228
       -0.827210398925843
       -2.851032297268603
       -3.868673186543674
       -2.276722366904949
        0.576743677852647
        2.788462716720929
        2.919084333590177
        1.422694980201967
       -0.237333481556721
       -0.458593277759974
        0.669211305973420
        2.324570523765146
        2.801587136990747
        2.065392764448461
        1.145931102658551
        0.498438306308572
        0.281930005322920
        0.085195910113271
       -0.101085671847613
        0.411890581861371
        1.300871127036771
        2.098754435083265
        2.336374927930592
        0.788519817926158
       -1.575825993497006
       -3.113292954801295
       -2.112582555382346
        0.575487639523544
        2.108648989895528
        0.635665305934253
       -0.788560367974242
       -1.387728005647659
        0.570445436253976
        1.884340353396055
        0.573095242755699
       -1.149172541535791
       -1.967530929313853
       -0.972540929023808
        0.860766787532839
        0.895521798450545
       -0.888715649124833
       -2.405941679554644
       -2.740027045593251
       -0.853780872274683
        0.832020672845005
        0.488722716467919
       -1.796472003502231
       -3.299526123830219
       -2.053583325566706
        1.234606724645801
        3.071583019969239
        2.078478304087639
       -0.379335110367720
       -1.710636711362895
       -0.807871980691289
        1.572693586747619
        3.188568129050736
        3.033100771339718
        1.535903088389887
        0.100578762336113
       -0.105385409986809
        0.366559220225326
        0.677281198115679
        0.981506995281052
        0.182555946561479
       -0.383933493750874
        0.657330769408645
        1.718687177443485
        2.173680839642770
        1.558167924484181
        0.088752728936583
       -1.413046794821412
       -2.817058433053148
       -4.100693005097355
       -3.385880415769215
       -1.287798242015015
        1.006757968190868
        0.835957024521576
       -0.996657990735855
       -2.193645313003856
       -1.408865373995354
       -0.060051452966150
        0.907035507771752
        0.242171877684314
       -1.262813382842523
       -1.896331964474030
       -1.137302491051287
        0.866581073378711
        2.673158445191120
        3.248433463953461
        2.507289145906157
        0.636362185375333
       -0.730806212685650
       -1.084840630542203
       -1.040887231093507
       -0.711612088343600
       -0.364285214875053
        0.044579528655504
        0.130398204753874
       -0.311327602506708
        0.148218533171416
        1.187730600309692
        1.319699974869195
        0.642702750488468
       -0.266146885096532
       -0.883325811846689
       -1.208713101630952
       -0.497717911255172
        0.448193947169742
        1.659176549503456
        1.961594500469403
        2.074782876448921
        2.485378766818940
        1.912566455570868
        0.073448156729000
       -1.350233075247388
       -1.421649508669816
       -0.335160053333084
        1.039242591861694
        0.751774154202394
       -1.105501765501458
       -2.121513496761168
       -0.744325155171396
        0.589418447648001
        0.588975785383255
       -0.875908501010940
       -1.058020755143137
        0.047851375000107
        0.578403183177443
       -0.349897740166170
       -1.704471240528164
       -1.367269769462837
        1.234943471795305
        2.986540985205465
        2.172015519899105
       -1.073130892155405
       -3.691756612530298
       -3.382611336483478
        0.092575134037816
        2.369929155131103
        1.532753237430370
       -1.103880113292234
       -2.867936962682734
       -1.882056382623773
       -0.270322802855333
       -0.004187272929791
       -1.197980679431538
       -2.085573765068887
       -1.013771127936025
        1.888833989517252
        3.398164886656104
        1.501354963088943
       -1.364945635750473
       -1.853687472467300
       -1.322507043575115
       -0.969520301128796
       -1.498478212799910
       -1.385991838113114
       -0.501557923927976
       -0.110905028948764
       -1.826794105086265
       -3.110636887611690
       -2.451034879711187
       -0.150211149704774
        0.441443374119444
       -1.505911556700994
       -2.861106653988827
       -1.637111457469473
        1.332193743945027
        2.423355937148699
        1.405088403771515
       -0.554107533729621
       -1.761716183798853
       -1.594217970718489
        0.041720705061891
        1.757761609767840
        2.576539745461105
        1.040888213349717
       -0.098271899416432
        0.395494628163306
        1.363989913630576
        1.658449536582793
        1.764787061087645
        2.008769957295954
        3.273368595092052
        1.858217351189069
       -1.700283812361477
       -2.992672632333779
        0.540638830556418
        6.622738702768629
        9.414725687097643
        6.919817909780249
        2.175684620844095
       -0.497105606272726
       -0.837231996556966
        0.717905287004669
        0.979112031744535
        0.768820132703695
        1.292662491471674
        1.648764885097535
        0.469686012718739
       -1.385947211029361
       -2.564503604472065
       -2.839502800099581
       -2.487889984599860
       -1.116662162318562
       -0.285741042821883
       -0.270408334355807
       -1.047575049633224
       -1.478839725997091
       -1.093242831705311
        0.001342938477819
        0.214377479639779
       -0.326758238891557
       -0.868082656693360
       -0.384381887629047
       -0.121238583250999
       -1.083299061314563
       -2.264003089535038
       -2.953588710639366
       -2.760369916462736
       -2.574225328481702
       -0.867268120237213
        1.102950744461623
        1.581335907992752
        0.302882524609458
       -1.927000138339281
       -3.020815948612153
       -2.420818621543731
       -2.054728125293423
       -1.476879844990890
       -0.603045479170760
        1.353398751727582
        2.217084826367682
        0.672869497282363
       -1.909396311203182
       -2.678473563998125
       -0.508461287241857
       -0.203622563379895
       -0.588080190950450
       -0.817839009856016
        0.404670104762772
        1.530913926168068
        1.949387920931258
        1.778350409799941
        0.208509070244645
       -2.110114060081287
       -2.781783649738315
       -1.326065570629225
        0.173372991589304
       -0.191952187856486
       -1.380377880066817
       -0.483801149167221
        1.609513507311931
        1.672094628372747
       -0.732545334766201
       -3.430585729031918
       -3.406016573522720
       -1.572232307226841
       -0.345830486457089
       -0.884805337670514
       -0.920231446872094
        0.245718268196470
        1.959343193119821
        2.477246379210555
        1.918865330327776
        1.169209996048380
        0.180778945888221
       -0.376162885871101
       -0.196474549800996
        0.768864387010353
        1.856787864159287
        1.619142885414021
        0.543776759650882
       -0.746067164806846
       -2.743351612508377
       -4.065011515672268
       -1.886057087429890
        2.113403663794998
        2.790752318221848
       -1.642225711693754
       -3.975908458591107
        0.020221117944857
        7.793950228754966
       11.064999858907456
        6.485715051034603
       -0.910289249146388
       -3.338393287277881
       -0.413179161862672
        4.000135571151304
        2.741401370082258
       -2.181196371870556
       -4.008313861233546
       -1.434643106335216
        1.624852946088140
        1.614012631790729
        0.752281093959255
        0.986782547863868
        2.366114704682559
        3.860772581702804
        3.866574177890243
        1.998639093677639
        0.283406276222649
       -0.076429872780295
        1.076075887407228
        1.423990459827296
       -0.465872088996008
       -1.632842691829012
       -0.934760722782670
        1.639420586916458
        1.446048936089369
        1.243159731403466
        0.218800060833019
       -1.092146507371126
       -1.561835321283070
       -1.845006825139535
       -2.254497221218116
       -1.167693849622992
        1.488552932571110
        1.927914637542926
       -0.769709061743697
       -3.487736069453945
       -1.775486689577095
        3.215253467688740
        3.700518248092180
       -1.663689470099783
       -6.175829927823543
       -4.632416134292725
        0.281102911520975
        3.314881265240729
        2.924689138448230
        0.434001704585171
       -1.946038180723917
       -0.873179833411996
        0.652745553211389
        0.947034925518892
       -0.388936849933543
       -2.049675377750418
       -2.023539842568653
       -1.582819259610005
       -1.640837337988614
       -2.090229961353089
       -2.423363518606493
       -2.716477040212794
       -2.622042949106799
       -2.570193370831475
       -1.574298964828813
        0.600416747438885
        3.742013424321840
        4.535720648832807
        0.123444016206520
       -4.669018383525454
       -3.561970373079134
        2.703127497944024
        3.948017870702415
       -1.778538179973111
      -11.533780219224809
      -15.647910252437214
      -11.065504998811775
       -1.814866871255617
        3.707323788296435
        4.024091743118333
       -0.369639226534673
       -1.541102056046839
        1.333421368819700
        2.643150988618345
        1.792768758227567
        0.852122853272476
        1.134696273598593
        1.622112455910838
        1.281524522448876
        0.353954681615278
        0.008972745958060
       -0.262892529557206
       -0.087728437317708
        0.404678245188848
        1.009819828701097
        0.272714534585702
       -0.260065940370509
        0.167370023231622
       -0.105877107791287
       -2.296018744010325
       -3.860305573519781
       -3.393542959224760
       -1.725444256015180
        0.052829663719876
        0.637663111784150
        0.479555864094436
        0.163709826600552
       -0.694673774382409
       -1.537312665667514
       -2.224360312570298
       -2.370465962431581
       -1.276350505507253
        0.100396774669207
        0.902683280930887
        0.570968876660118
        0.172302852079611
        0.551232854254977
        0.323449175284736
       -0.423044908267229
       -1.455735568485522
       -1.192955705259699
       -0.066393198530136
        1.405946938999250
        3.280417216315982
        1.511153890538026
       -1.100463101635796
       -3.523389716441670
       -3.767915098127560
       -2.266480773296280
       -0.838437902555597
       -0.552774036048504
       -0.805069938958695
       -0.815991909058539
        0.220403368842653
        2.094092421671576
        1.491973078444744
       -0.989336074971789
       -3.579579186153069
       -3.835872501848371
       -2.890108434047306
       -0.922169571723771
        0.719554483262982
        1.071712758104695
       -0.067982673271445
       -0.661650897239383
       -0.136467883832154
        1.068483934510596
        0.773097903252392
       -0.462508166217049
       -0.869871951038022
       -1.175504945821558
       -2.977605285509071
       -4.726635959047144
       -4.282590904857443
       -2.643875239888075
       -1.816765118677722
       -3.280114959512503
       -3.913309383444812
       -1.722546604300987
        1.606544009973732
        2.169414960700124
       -0.316660651649727
       -1.980018693596321
       -0.437059310852874
        3.572102522307205
        5.692481705694490
        4.032351531365009
       -0.273984320607781
       -2.859983670696124
       -2.891632621107419
       -0.397355903994594
        0.435238126568493
        0.065253132107500
        0.443403340035729
        1.963217529557824
        3.137232759561812
        2.461154076413095
        1.036546528115650
        0.567961301660716
        0.923076550343239
        1.841464012073644
        1.866779672275754
        1.421377443681877
        1.218661480180572
        0.948899267435593
        0.641873707797686
        0.621401178554386
        0.444285780094077
        0.681841884738233
        1.408411770050684
        2.298639189882692
        1.045804550059756
       -1.318495354297625
       -2.324772027578092
       -1.291688874762258
       -0.059718639579160
       -0.274784878437686
       -1.009524252316623
       -1.554845644500801
       -1.590567749152228
       -2.124945880447385
       -3.090124597957356
       -3.526135737423147
       -1.771544104825580
        1.199734165364816
        3.507917935213300
        3.254369476220859
        0.796970830612196
       -1.940018543835095
       -2.143805687695249
       -0.169461743793363
        1.257124085102987
        0.527895775120214
       -1.453725096603193
       -0.718679759297629
        0.814082425757078
        1.526935458766729
        0.483515350982373
       -0.615414422200502
       -0.509993430407803
        0.550827085272431
        1.352036826654967
        1.708473397264243
        1.793112699318499
        1.378027148462479
        0.554535465440495
       -0.650318749188500
       -1.751535225183034
       -2.795355381878835
       -2.565618215446761
       -0.549765049747833
        1.749529066657715
        1.884388155702595
       -0.766625904401735
       -2.913340545809660
       -1.191032663800456
        3.179723049753193
        5.786658244016962
        4.527864139016856
        1.846973571870876
       -0.353516846299044
       -0.969266821790711
       -1.210467523075408
       -1.036552587966753
       -0.842534468205940
       -0.400226425901565
       -0.437427234991446
       -0.656775284085143
       -1.497289429159537
       -1.966888899101605
       -2.108740250578649
       -1.937776905463750
       -1.787454249045140
       -1.621668943107579
       -1.629186201025959
       -0.642677750489611
        1.386368589223821
        3.016761416798545
        2.774060765358030
        1.059328387506582
       -0.607341150291631
       -0.929633874583942
       -1.734526471580466
       -3.389271029481733
       -4.256631752384237
       -2.599377761161122
        0.776689663182879
        2.630816296548801
        1.671078832549938
        0.547299550040407
        1.006523605307393
        2.953939125507077
        3.949456228655322
        2.667262589193513
       -0.012799579998500
       -1.799129283883758
       -1.716032481754610
       -0.805794684939883
       -0.944421379974756
       -1.239773985289503
       -0.545567647761800
        0.643087277902396
        1.132312798238672
        1.121117851927011
        0.097306800954357
       -0.959837367150158
       -1.057454245955796
        0.161547283812524
        1.729750312240412
        2.545733373480743
        2.756779510585829
        3.768026467437267
        3.953691114222806
        3.123391469441401
        1.490451234235479
        0.790328082245878
        1.564042464192426
        2.365598811065638
        0.831356696483681
       -2.278998095765928
       -4.765102174942740
       -3.973176915255181
       -0.952717871929053
        1.664757973078508
        1.309467478886177
       -0.681963362587567
       -2.614483268121589
       -3.426059671677450
       -2.541475952588598
       -0.369561742968131
        0.799793886029192
        0.186917174908558
       -1.649814473740207
       -2.554396653155322
       -2.528049642724056
       -1.940051945177970
       -0.935347893250537
        0.832797506764564
        1.823324721749941
        1.205435020563527
        0.229549672800204
        0.416677590046675
        1.261280322709354
        1.058578147096341
        0.495121133441899
        0.749519027500810
        0.913001235136562
        0.634931354751188
       -0.444401663145072
       -0.830231493207975
       -0.530863525043969
        0.340935650524671
        1.395021580614184
        1.580157509111586
        0.517443374484401
       -1.153068881110812
       -2.412862950222234
       -1.845265556253935
       -0.731652965912645
       -0.490200029048538
       -0.207755709943285
        0.032870141226169
        1.370169225153290
        3.162815505568688
        3.280044622119021
        2.589527005554373
        2.004571081844915
        2.325493020787235
        2.300956880602143
        1.094342066765449
       -0.043344091616177
       -0.403643262882724
       -0.155769181700634
        0.252744329371126
        0.412296051497378
        1.123381050612807
        1.068323945418797
        1.047057378616501
        0.823567297136833
        0.737782629559888
        0.448952530557676
        0.375367557460550
        0.167768776000457
        0.564499407372978
        1.308646523600373
        1.653179861636772
        1.371570028159795
       -0.274529825695026
       -1.924348690650504
       -1.769392995493035
       -0.912093247015036
       -0.781147976807119
       -2.481663815918012
       -3.390523497948664
       -1.633770110695195
        1.181024835292192
        3.179771946717210
        3.999467965752729
        3.199105790925159
        1.493905572684071
       -0.041303964699182
       -0.311051822865920
        0.376637220186240
        0.928302547744806
        1.455182545629214
        0.909741014020256
        0.374458822682755
       -1.333164648406637
       -3.507095096135799
       -3.544780652898226
       -1.234043999032792
        1.137998711012187
        2.339431313188946
        0.952621336170864
       -0.908414667913803
       -1.976655953603768
       -1.400923702085265
       -1.883233263167767
       -0.599435923606279
        1.667602894791798
        2.669459292922738
        2.657496586762790
        1.075757978248106
       -0.896984831036832
       -1.489970249284397
        0.720454870933395
        2.551366092670946
        2.278046503165228
        0.102236407701412
       -0.175318199700541
        2.584719443412126
        5.256337272238966
        4.333918051371484
        1.247608033948381
       -1.054596767743533
       -0.283351192152622
        1.130597506793492
        1.255464675330586
        0.280846323139485
       -1.043379737799114
       -2.459052451187745
       -2.786710724605655
       -1.325642851313205
        0.993390740293307
        1.836664204241060
        0.017350673959527
       -1.769515494681627
       -0.990305038609449
        1.263209696254989
        1.373303259664567
        0.387125800524586
       -0.659528965569280
       -0.762630472742217
        0.147397107592269
        0.661771004148932
        0.442072761659915
        0.551566908305347
       -1.284212308173551
       -3.512409501815284
       -2.011191082499863
        3.177466710840008
        3.624290932517852
       -2.986183088414236
      -14.322958657930940
      -19.955404320606249
      -14.056189329297467
       -1.425544895204212
        6.497600822384584
        6.773552660446740
        1.583967339884111
       -0.713986992834862
        0.904309918733816
        1.418701133598688
        0.325113852272125
       -1.101568054911127
       -1.044326851705250
       -0.691128279350437
       -0.035128883580910
       -0.142490489184638
       -0.953273923060124
       -2.076216100150646
       -1.443725423840050
        1.467662993305794
        3.370468815242816
        1.385307101440958
       -1.695536424249894
       -1.972640012519605
        0.869694280349222
        3.274311389933928
        1.880315174923567
       -0.716929036016950
       -0.558575244820531
        1.515190486755330
        1.752744521460400
        0.161495068849973
       -0.119834537126479
        1.393633649363835
        1.872692014704057
        0.016325013273160
       -1.619008061531190
       -1.407409481827642
       -0.509204735060848
        0.891090219821791
        1.935331312796279
        2.479967062627338
        2.100145022725428
        0.432449294042272
       -1.394666348298642
       -2.004119319393794
       -1.459691705649220
       -1.558271565926589
       -1.491860315490158
        0.798350438182752
        1.034723213526377
        0.082647729270320
       -1.305280749576013
       -1.374954277191136
       -0.091729648948785
        1.012231766518198
        0.832584770542780
       -0.487740881458194
       -0.761137234521357
       -0.209534448646764
        0.507951548537221
        0.598035346175948
        0.493580225067319
        0.490734565223306
        0.012055939166970
       -0.386950392359964
       -0.532038446450773
       -0.975493139206982
       -1.505097579883483
       -1.526104444731118
       -1.075496752641868
       -0.699668358810015
       -1.355385200736748
       -1.244707680983328
       -0.214781763787130
       -0.436728674043025
       -2.522967245857899
       -5.720638302622774
       -7.489531343513590
       -5.662478173668092
       -1.707217187531160
        0.772026198288017
        0.320777012934059
       -1.363332574289871
       -1.226119921825557
        0.325054996533709
        0.670400653585148
       -0.397253492460550
       -1.389030154552074
       -1.377295996330304
       -0.919566871151346
       -0.006195144910407
        1.474078713963308
        2.421541086991169
        1.383069860349792
       -1.400846933255309
       -2.770791112760776
       -2.187877214632778
       -0.338329259021378
        0.638160953250576
        0.664717213804920
        0.906158598979573
        1.550771376890680
        1.954593884129963
        1.234118652134157
        0.054005325662956
       -0.736930237349952
       -1.157432412712978
       -1.688128649088867
       -1.948923677657831
       -2.166873504368823
       -2.147223364162073
       -1.612727802894369
       -1.027921316066568
       -0.540907973669619
       -0.291970102869982
       -0.613800269145031
       -0.118130903767451
        1.175036741756458
        1.474573610849120
       -0.320868737307904
       -3.525871440644437
       -2.681143582508867
        0.642283754360960
        2.030534691906723
        1.898327420368332
        1.363048201193124
        0.072150736233652
       -0.471564799673160
        0.185170008509886
        0.972474095341681
        0.894327556918540
        0.369392935091128
        0.975982769787151
        1.835902763923514
        1.909433717315551
       -0.116115480546341
       -1.556747330221697
       -0.178774944339366
        2.136835155210520
        2.825717335252193
        1.850552013734159
        1.325696245259678
        1.692085734606735
        2.255115013836985
        0.383460373401249
       -2.345033917354158
       -3.073596036942035
       -1.535018638528072
        0.423225352385543
        0.215337835604942
       -1.455219464808579
       -2.334645277708432
       -1.424440492853364
       -0.333009081296495
        0.329541999924913
       -0.393512474644581
       -0.807908442355192
       -0.101739362769536
        1.857047409493816
        3.082862254054817
        1.926133840957846
        0.261091726049926
        1.933106454414428
        5.439422199994169
        3.816612119817364
       -3.105657719300780
      -12.862212396928953
      -16.608939878974525
      -11.234216819508674
       -1.765050730222043
        3.833014470437774
        3.275661602046512
       -1.379686861615710
       -1.110972142864057
        1.612323162571556
        1.632192188150839
       -1.352409485318503
       -4.508392119828898
       -4.290240710732746
       -1.969920071392806
        1.140818163635913
        3.177976700215027
        2.695944786621226
        0.399316899656242
       -1.086860587220826
       -0.520001138952921
        0.690808992048460
        1.521970608266884
        1.722168109115955
        2.641817712060174
        3.362832664059543
        2.892223421710924
        1.597849682264496
       -0.240679237397217
       -1.268522392286286
       -1.439802260574652
       -1.993520944829470
       -2.389157446130412
       -1.567834273590961
       -0.245129667023321
        1.146678349142803
        0.702355459301998
       -0.023301945549974
       -0.120255245265071
        0.415528205545115
        0.496843991766298
        0.053963127866382
       -0.947002099164195
       -1.438765957970645
       -1.694708607885332
       -1.752467079976327
       -0.285961825366712
        0.929506126783167
        1.359631193139762
        1.363392716074713
        0.398474762835178
       -3.229544072906432
       -3.426471234871485
       -1.124729196650719
        3.469498246689227
        6.260032946093133
        5.250728490202619
        2.759050395045506
        1.102480931923310
        0.667061882996677
        1.910738120663837
        1.650728590670269
       -0.628415807631541
       -1.770175043798417
       -0.895355465064199
        0.559347480052978
        1.202042443991473
        1.069533333380349
        1.098137724854638
        0.719719416394412
       -0.430478540263536
       -1.011139659806062
       -0.400844505856440
        0.587055702591254
        1.354163803601201
        1.540751135395793
        1.157567779016723
       -0.230722302364287
       -1.854971495654088
       -2.009594578196884
       -1.216276237752744
       -0.092493268001881
        0.144577766297338
       -1.040111644576033
       -2.108792822142964
       -2.069314718355055
       -1.048594114750354
        0.439134333386078
        0.886621987988603
        0.481408644014599
       -0.151049060402163
       -0.430353459859368
       -0.187456766976363
        0.145414790555009
        0.246395520668937
        0.011477149128346
       -0.145023823342857
       -0.184206248405206
        0.241095784607404
        0.216090216881044
       -0.185785495474822
       -0.073991611529052
        0.168610194517662
       -0.217530316139715
        0.128027290101321
        0.012797206827309
       -0.080676148230540
       -0.000645826852897
       -0.000990059269048
        0.164578372976013
        0.091224215332227
       -0.311339897267669
       -0.198573274955794
        0.318593298652245
        0.247777395417611
       -0.221256424291230
       -0.161908922024928
        0.096745398494972
        0.168409229588889
       -0.110334554624371
       -0.120820916651530
        0.136107612849118
        0.021385172990311
       -0.010616007919372
       -0.117152192793253
        0.013143797953275
        0.079260093843063
       -0.068495612829970
        0.034534884265436
       -0.018441970068790
        0.004781747714829
        0.014189490865684
        0.004045799824816
       -0.024400129978721
        0.011172144349625
        0.014636978786878
       -0.021561614374908
        0.012295235106300
       -0.003546743023066
        0.000434855655760
