          26
      305.961466638091224
    -2651.099223922403326
     9851.974402890475176
   -19351.745240073774767
    18149.173481054851436
     1181.683266325650038
   -17700.796579043861129
     5247.308427809883142
    16671.335973754343286
    -7017.853427298046881
   -17109.935708112439897
     6261.627921748964582
    18687.132561160746263
    -3766.850635327864438
   -20202.571191902919963
     -619.380582246085396
    21018.288825284515042
     6260.014708740520291
   -20100.833599764082464
   -12444.311993250041269
    16818.689580798731185
    18220.084516367584001
   -11266.063802349875914
   -22325.371448318539478
     4036.525161058525555
    23697.962150442333950
     4043.053435608395375
   -22363.096077725305804
   -11242.790898767067119
    18264.335056367184734
    16762.533796190706198
   -12450.830123812949751
   -20063.257913633788121
     6244.945838105428265
    21033.957359549396642
     -652.903663145785686
   -20200.446095674400567
    -3716.027837989357067
    18636.371712377636868
     6269.450738144892966
   -17079.725862684586900
    -7086.491831629071385
    16787.739184258032765
     5114.117918503441615
   -17608.537041158291686
     1151.962174336338649
    18142.374795004725456
   -19340.209236480972322
     9846.794719986302880
    -2650.003035000243017
      305.872730262478001
