          26
    -0.000002
    -0.000006
    -0.000018
    -0.000049
    -0.000129
    -0.000316
    -0.000733
    -0.001604
    -0.003308
    -0.006408
    -0.011632
    -0.019702
    -0.030943
    -0.044622
    -0.058068
    -0.065854
    -0.059494
    -0.028239
     0.038654
     0.148278
     0.299969
     0.482294
     0.672814
     0.841635
     0.958296
     1.000000
     0.958296
     0.841635
     0.672814
     0.482294
     0.299969
     0.148278
     0.038654
    -0.028239
    -0.059494
    -0.065854
    -0.058068
    -0.044622
    -0.030943
    -0.019702
    -0.011632
    -0.006408
    -0.003308
    -0.001604
    -0.000733
    -0.000316
    -0.000129
    -0.000049
    -0.000018
    -0.000006
