           1
        2.777329428877994
       -4.592888451686978
        5.594136341782050
        1.946627827680387
       -1.132504233347176
        0.545195378196081
       -1.000000000000000
       -1.225148440936072
        2.799610524768086
        0.510969615744339
        0.877023400774688
       -2.155968781307486
       -5.133277014863408
        3.009112506127479
       -3.543040597893889
        0.198850019909279
       -2.185238958681861
        1.305057770657634
        0.200568710990625
       -1.122603642394561
       -3.121053572060846
       -2.836496597768877
       -4.373302787336196
        2.965306586807959
        1.665500863488287
        3.694212048079026
       -0.524125289811582
        1.309430953738725
       -0.151355101220247
        0.375427567120424
        1.194092691930015
        4.118412179641306
        1.143281577716751
        1.955255807702119
        0.354741850003871
       -0.328850282605403
        0.571799066782621
       -0.471003387396119
        1.087151545977048
        0.978190861000866
        1.106781134933150
        3.877123436979206
        0.555753848532751
       -2.503403791587642
       -2.090698366869883
       -4.367000143093978
        4.831341412949915
       -1.933775051761741
        2.123085728053542
       -0.552925047985582
       -0.723490336349599
       -2.243517995051621
        5.062284290600769
       -0.630679794011782
       -1.271843959686329
       -0.986893194752124
       -3.704235198986956
        4.564268425761498
       -1.347376474102130
       -1.540684084697867
       -1.060854821301960
       -1.464914823512302
       -4.066583210750968
        3.710833121902391
       -1.222426058802420
       -1.841567457052867
       -1.537956304435083
       -3.440306776427752
        0.675596850291311
        3.865055485155886
        2.664543525413905
       -1.039130289245860
       -2.328040399800419
       -0.992438209848735
        4.521055234925262
        0.534088534416579
        1.991878994920658
        3.429194204066860
        1.493550689256366
       -2.266252855617617
       -0.291402388083543
        0.825137712979202
        4.098031660574915
       -2.130296105095717
       -1.866622600524830
        2.780849924538404
        1.804979540311550
        0.823708976241955
        3.407812343719097
       -1.486681660283702
       -2.006771561371342
       -0.534581247964519
       -5.850105500300256
       -3.125422457793471
       -0.196611583570432
       -1.517729454274061
        4.322267506925522
       -3.419661089933596
       -2.030460755496652
       -0.341961649857200
       -1.907486496974241
        4.347067071117884
       -3.298837986143634
       -0.201339406781630
       -1.444768414346340
       -0.985214967748980
        1.228769732557279
        0.809298404737772
        5.253408276849977
        1.301197417446518
        0.960051840585486
       -0.011863426664289
       -1.370382076731707
       -3.145237285594423
        2.005485917688060
       -0.402815704637755
       -1.837724764139803
        1.342181414561571
       -1.267099930404946
        1.783275026512845
        0.546384889403888
        0.339411465507755
        0.920305279141419
        0.671014951838194
       -1.829534864008160
        0.186590375941023
       -1.251904882044128
       -0.325324533815051
       -0.071346978622612
        8.000000000000000
       -3.176313433029404
        2.388623987026954
        4.764764171892701
       -0.864129341622755
       -2.220311297441958
       -1.113107937552564
        0.957680993967144
       -1.549674118900348
        3.700164400662912
       -2.486590050189512
       -3.181949207174587
        0.375313876570134
        1.868903857575491
       -1.778497541584768
        0.601944200314995
       -2.485117974364967
        2.660610866427365
       -1.702052661139601
       -0.062808078532822
       -0.478616826635394
       -3.084798228079077
        1.394853789000101
        5.678918232910888
       -1.012233806508717
       -0.030180091937818
       -4.449409879286599
       -0.198463159786663
       -3.118146771948958
        2.375659157221209
        2.424984055046451
       -0.702391527627301
       -1.595950393673748
       -5.301892565468347
        0.180900497119864
        3.431574187001751
       -3.608288457612787
       -2.650354254266672
       -0.370870123545003
        3.448591392945089
        1.888066563842390
       -0.287318185424552
        2.035548302850011
       -3.326583635458012
       -2.687174002473501
       -0.126769467995824
        2.068116507462982
       -6.816309240145713
        0.963770340032984
        2.753495282047143
       -4.225501394702809
       -3.571724234035691
       -2.251155460398926
        2.068777407295139
       -0.459134985331212
       -4.074386863525192
        0.164684694142579
       -2.479356258499943
       -0.564550071517468
        5.902071030814007
       -0.077105287114817
       -2.072020192951067
       -1.461838818743423
        0.884889732230065
       -0.331139588944093
       -2.537206717878037
        6.703628873203820
        0.554199145282309
       -1.009525953177611
        2.134855248045906
       -2.425886510904994
        4.791665407996756
        1.984724100249089
        1.487388644800864
        1.560540664973274
        3.317701186303419
       -3.117862021515613
        1.002274974147491
       -0.807564735130701
       -1.696327832299969
       22.000000000000000
        1.874255157430525
       -0.344410819404616
       -0.006075462681070
        1.687835036287363
        1.573220179685392
       -2.585981136167953
        1.224831908970260
        3.711307764900606
        0.435685376972067
        1.144648447197763
       -3.710019871872238
       -0.212703187053137
       -3.389465043248717
       -3.181648734764819
       -0.560670339917202
        0.169213067992328
       -1.340617853651952
        0.333404008768645
       -3.306384803385259
        0.540309791906422
       -0.501112189044760
        0.849441337947990
       -2.973779735703241
        1.443884612546288
        1.237228217090352
       -3.984382991973735
        2.018278180308159
       -5.489656034745871
        0.184599923573525
       -2.925663917261363
       -3.235116517659267
       -3.394337736467870
        4.642305801164931
       -0.116850406351938
        0.929434022412605
       -2.554739884647010
       -2.183360991315738
       -4.471586516435542
        1.862507297306777
       -4.117339037659063
       -2.047007487174539
        3.002733741978085
        4.904318938203519
       -4.467999869787226
        0.271070918911152
       -0.705023276150909
       -2.741823131961819
       -0.079891002581297
        0.287415457186828
       -0.528035437547109
       -2.528889236389032
        5.420741991109908
       -0.286084899964558
        2.651257781871156
       -0.459777066896335
       -2.659838681807087
       -1.354354776887127
       -1.845721373805545
        0.312133454462822
       -1.083935570653680
       -0.212374033186625
       -1.131288906215984
        3.040563787571945
       -0.927043715979678
       -0.343867662815034
       -0.432687839363479
       -5.516273083138572
       -1.935998638866470
       -1.659032344872849
        2.711714516588002
       -3.944307608373122
        2.974403456687700
       -0.164650237859502
        1.950555823143347
        3.388241343436668
        1.398769670806840
       -0.641051098119781
       -0.176318407687658
       -0.097775980109136
        0.263996358062899
        1.766087307985195
        4.784113529545723
       -4.744761380120415
        3.157053611496823
       -4.678790470090659
       -3.969479967782803
        0.831247843585749
        0.262466052491383
       -0.641843201752900
        1.863844981332898
       -0.899303614033207
       -1.645125349942424
       -3.556560770313674
       28.000000000000000
       -0.061060030410176
       -3.239621038343530
       -4.240802656336100
        2.744396532661205
        6.588872060106890
       -1.884285272571837
       -2.510920129465719
       -1.944663878521747
       -0.111118064600599
       -1.637697399829753
        3.147177373222516
        1.224913204146918
        1.088762893426739
        0.122796444354487
        7.028167639300085
        2.777136513007764
       -0.697369725203346
        4.801611489774472
       -1.675487907309724
       -0.536209256056345
        2.041172168449375
        0.080182580454049
       -0.325121078105947
       -3.220111792477930
        1.488442666188579
        3.598649874701362
        1.029153802067363
       -3.169468898561450
        1.045346571757111
        0.732364053490692
       -2.519722125694370
       -6.592718085333046
        1.539238411230400
        4.239617041898129
       -0.430296194824267
       -1.437183582273291
       -2.473099381459019
       -1.558634189078272
        2.210901259579003
        3.820913262037790
       -1.669969347346220
       -5.332089091065300
       -4.637779197775000
       -0.980919620204550
        3.796793402791729
        2.684494671663067
        1.507670690309718
       -2.843545374980902
       -0.337314389932421
        0.819874005148489
       -1.098800759999431
        1.919542764241425
       -1.079021587869653
       -5.425668324801941
        0.515929952448389
       -2.387058034681214
       -0.338173515702616
       -5.305584681053684
       -1.314086628811138
       -0.227755519161734
       -6.624513720119890
       -0.739452895452331
        2.718201047820569
        3.323818633914848
        3.520497758339778
       -1.166312206840808
       -3.545761817055975
       -0.025285605265807
       -0.922184271313846
        1.169879208158672
       -0.214375040010826
        2.499810583285510
      -41.000000000000000
        4.377351634983058
       -1.557910815221554
        2.911791834638203
       -0.806133166081996
        1.176823903221902
        1.433664634985941
        1.577196164255712
        0.280177844279929
       -1.694311356144841
        8.618559494909151
       -2.284247341107726
       -0.026191677211437
        2.131944269658455
        2.172760503905393
       -0.873950333206648
       -2.431201636879912
        2.785311857560760
       -0.027019449178808
       -0.917176375114794
        0.927848163459490
        0.598995752373970
        1.692596348566307
       -2.346893424752946
       -4.237937083672426
       -0.881728130897824
       -1.815836467017967
       -4.566367515809878
       -0.212415327551255
        1.863790060858098
        0.911380949338205
       -1.158241617137868
       -0.477538225993357
       -0.534575145755618
       -2.148295775789326
       -3.909874474511308
       -0.822312153559476
        0.878781467640472
        0.611307651184639
       -0.327694403699397
        1.390710631351014
        1.470909604888149
       -2.082029727068007
        0.535225952068252
       -0.289952664224991
       -1.748260554086290
       -1.010393028637754
        1.609623550938178
        3.272926556416499
        3.670455662133134
       -3.918532411480324
       -2.930080714761258
       -3.653837228757799
       -1.842494762509182
        0.538658347668302
       -3.583724750281938
        0.360324602061478
       -0.550024842015270
        2.098079550099802
        0.745696698098055
       -1.716747446096197
        1.008169951184945
        0.238867047166830
       -6.757902028781035
       -4.769248233552145
       -1.960006598243867
        8.238829939278453
       -5.237139844472550
        0.713136304428879
        0.166865933374362
        0.818282672018584
       -1.388967919503337
        2.569945811768894
        0.356463313793024
       -3.163076874202360
        0.190918388800594
       -4.490667072260446
       -1.981880813072974
       -4.999014231181037
       -4.270442844923852
       -2.836685496668449
        0.798672364999397
       -5.813716210480179
       -1.888767817113348
       -0.863096553784381
        5.109016288463762
        1.324675228881752
       -3.862690324363646
       -2.278924398903585
        1.667163260730043
       15.000000000000000
       -3.351137268806658
        0.080041633868086
       -3.902596198935173
        1.757507270989126
       -1.924084044058181
       -1.043445676550722
       -1.481317201568921
        3.869329910942662
        1.790624000399605
        1.693144211879356
        0.484370881046473
        4.174466202520582
        1.666778424295850
       -2.822046724461925
        3.162436235812977
        3.772956648151871
       -0.613660721091507
        1.243998147405791
        1.231115924665043
        2.892020395362944
       -2.881914551885605
        1.700116770702867
        0.506845523354330
        3.195094109001353
        1.580588307603543
       -1.473655576909024
        0.681527926990247
       -1.810488532621628
       -1.522882200930340
       -0.809718373083994
       -0.617538169042826
        0.591743546994901
       -2.507553534969188
       -1.471796119911854
       -2.732538378522658
       -2.769268641292240
       -2.750471693667340
       -2.023812646739770
        1.533882392606666
        1.633770611930820
        4.485567350526294
        2.146393492796413
       -3.905562927866762
       -2.673670271886971
        2.205460098989444
        0.661088458471972
       -1.199899865484502
        0.598029526372351
       -2.409400581086357
        2.981920264424687
       -1.587614123885155
        4.206932965796245
       -3.768826595497129
       -0.664606910872822
        3.929823271520241
       -0.911281981915677
        1.202905072434928
        1.390227629614246
        4.093597520837379
       -0.239234329949371
       -3.273784212345932
        0.479923824504371
       -2.070019570384848
       -5.224928142917302
        1.499789190740654
        1.403867116836896
        1.677169547138044
       -2.185903576280131
       -1.051979313146840
        0.003206517102943
        0.344956615958855
        5.354449275986636
        8.324673479028819
       -1.011241777790927
        0.496781471331631
       -2.254944758046395
        1.572771537397041
       -4.068501442712592
        1.715669542529555
       -2.332869378674709
        0.231397025208625
        0.246601364648325
       -2.535022339099532
       -3.451505743471318
        1.920243778461697
       -4.869732801048374
       -2.420945620827975
       -0.023869079414165
       -1.809865106818317
       -0.361440251921784
        0.376564332704383
        2.601311278127955
        4.435108227075230
        1.183290914891143
       -2.543692247739127
        0.143582044130638
       -1.316167132309394
       -3.657567189279318
       -3.236738195136637
       -5.952440618295874
        3.151305704735778
        3.001409868357842
        2.840384355526052
       -3.769005315017582
        4.743556145662551
        1.673345409373401
        4.867362728426945
        1.394124493313299
       -0.456026958293603
        0.398253045894735
       -2.651099604739310
       -1.020123857762566
       -1.480692005744155
       -1.384247066071406
        0.766697856519045
        0.043469706160742
        0.068654644194704
        2.905388730406250
       -1.014672875548508
       -1.726190982355025
        1.522984399609302
       -1.963351992825513
        1.253565993082743
        4.661134096456569
        1.711335063588018
        2.708381087151986
        5.938233628880758
        1.891986574633782
        1.736144049791949
        0.952127750841712
        1.000047728973760
        2.962891360723874
        2.702993891745175
       -6.673074210576642
       -2.884487447969767
       -1.129828743742738
       -3.975637459973985
        0.779972810898288
        3.478055522722775
       -0.829639612501762
       -1.711620780634507
       -8.000000000000000
        2.019302570437236
       -0.736412295565493
        0.091382916878126
       -2.620457927088652
        2.329993726288048
       -2.765594326667263
       -5.195990984183463
       -0.929638348799335
       -0.806558823254535
        3.079771828507345
       -1.449066379712296
        1.800774605957403
        0.693853077043923
        3.055604932468618
       -2.335859420504126
        0.478556801315224
        3.921378689951881
       -0.487039878714286
       -0.216267653938997
        0.224283756934742
        2.489452902192685
       -3.123844422664163
        0.120467546667973
       -0.884226251477839
        3.880808608841125
       -0.363193657244382
        0.824028393913257
        0.043286002000214
       -4.706053828912675
       -0.127295050732471
       -0.601920357870704
       -3.034704472738440
        3.241379062450486
       -1.395369144732511
        0.058563419151678
        5.634603342161869
        1.644369908180694
        2.393414720229924
        3.786392916488543
       -0.377199917646978
        4.597857542633323
        0.570242559978226
        0.147812373446697
       -1.535078805934152
       -0.003587105271151
        1.960710458150295
       -1.057251425444682
        1.574022479406542
        0.200290768782891
        1.865887761709288
        2.215399095015679
       -0.881140227351880
       -0.673916185386928
        1.533366919008824
        1.871184593836962
       -1.399872141274573
        0.570157142844162
        2.846329543392726
        2.925983182936258
       -2.615469550818269
       -3.102435969389522
        2.289079988386496
       -2.915889944874544
       -2.991249654126761
        1.394889790064956
       -7.070655453070255
        2.086726286868862
       -1.416236568520706
        2.257544549070655
        6.934453815385424
        2.395038646206265
        0.667016229768764
       -0.603093761044547
        1.636153284012566
       -1.005696582070086
        1.131835512514957
        1.966343697873443
        1.769875154170593
       -3.568803692090367
        3.061963141526779
       -5.686675923472887
       -2.365463022153796
       -2.512179798389957
        0.813594826808463
        4.467560681910119
       -0.466507387572816
       -1.155859319711180
       -1.069511644906737
       -3.334927771075967
        1.666919295681650
       -2.897502690737733
        0.100910232627937
        4.798955668876083
        2.595399468068628
        3.152688003806376
       -6.486944587921043
        2.431553510880386
        0.546091156694631
        3.555303255505388
        0.098706196417999
        1.256392934301316
       -2.087056318352459
        4.422818442023941
        5.458896122088469
        2.835731775808858
        1.911235480414215
        0.460213102512011
       -2.114972799111040
        2.658504142798252
       -1.338372719458333
        2.459725255305049
       -1.640656841721666
       -1.681069163785889
       -3.332019572002992
       -2.849582564788214
        2.939565149714529
        0.485227072045554
        2.626081633407477
       -4.615601674744790
       -0.996530110981976
        1.917496636612700
        2.658946283773538
        0.140275469654722
       -0.961344702823760
       -4.056534035199406
        3.617251199210379
        2.134294053258568
       -1.955631047562892
       -0.663595836266134
        0.345669767966893
       -3.919502959477921
        0.784633969518600
        1.026556615711870
       -1.135428002082664
       -0.416811943954071
        1.364796771419269
      -47.000000000000000
        0.122513945529392
        1.756297936670067
        2.223435735021925
        6.043078066704568
       -0.017016692190562
        4.675757471372872
       -2.487550373246995
        2.465610083358148
       -1.915068890173946
        0.600810773649736
        0.137213025710303
       -2.074642201209906
       -0.275793195202302
       -0.759732248545472
        0.556770705043835
       -1.463491993139896
       -3.289787332184316
        1.615788897085327
        3.934627601760919
        2.237558149583926
       -3.309846401744551
       -0.632799208026962
        0.369869190674341
        2.104291099388017
        4.527158142628456
       -4.637844076404839
        4.035068821384993
       -0.232450336574504
       -0.881291912385005
        3.162104451643606
        0.142762577376689
       -2.130455775892202
        5.351032056359551
        1.188927903214912
       -5.849213088246715
        0.343538648547851
       -0.691905935020136
        2.164550860234642
        1.205629040424621
        1.961784087898328
        2.673730400228147
        0.006125349720451
        0.143819628735185
       -2.349055035568196
       -5.265697717055317
        3.235952311284762
       -2.451131487508470
       -1.706395330405873
        3.991561736370016
       -2.226819550034085
       -0.497702871778056
       -0.292840804558417
       -0.732156094862510
       -1.127536259725089
        4.020628286691430
       -1.491721831067861
       -2.242906217544923
        2.222828889044475
       -0.504697740975181
       -0.616620558278185
        0.507516987298841
        3.705020608418150
       -2.762294184386303
       -1.156357102597988
        1.210611935577167
       -0.906580434929146
       -2.280286875629927
       -1.174976910075038
       -0.911132424853238
       -2.196971354038671
        0.845318021157444
       -1.178598359779012
       -1.028826388333208
       -4.307106031669104
        2.041692482036432
       -0.199599434318273
      -21.000000000000000
        2.120909556624772
       -0.053547546030440
       -1.501784386115295
       -0.651540504083803
       -1.046804619549859
       -0.360618700025016
       -0.150355269392109
        2.433725011388590
       -3.532909610261889
        0.326413029948210
       -2.501633226876223
        1.606197873463578
       -1.252585747877423
       -0.205384893540641
        4.144032747001658
        0.506072763608091
        0.242810053380496
       -3.948560655422012
       -2.959660665636919
       -0.381074684444102
        3.595659517941507
       -2.328933961913319
        1.536312171872277
        1.682850531223180
        2.273458849371822
        0.879087887539750
        0.245399278611124
       -1.248040613668822
        0.432359262490536
       -3.959998345443914
       -1.375706285191996
        0.769604970936159
       -6.152751902030100
       -0.193426302234048
       -0.098926613010382
       -0.796437844454065
       -1.671104833953398
        0.400861066298431
       -0.774773398304434
        3.744048517365284
       -2.069400984012678
        1.213014907233415
       -3.156612576323703
       -2.847870302743277
        0.711765201715640
        1.193008563462769
        2.287128695974636
        1.970640567153016
       -0.409378379289159
        0.022704130410719
       -1.204819718190445
        4.470454536089549
       -2.473091519485423
        0.682692425925293
        2.548448766150249
        1.009293308717935
        0.192392651855559
        1.723517937008376
       -0.873616153886530
       -0.990707529001978
        2.554850384114244
       -0.025322709011775
        5.957574734122459
       -0.005617609710216
        0.528897811117457
        2.734539263856232
        1.232837904445483
       -3.955800714437290
       -1.833155518788530
       -1.272116108330455
       -1.197636237481353
        3.360870481397098
       -5.621040099229613
       -0.228934522386482
       -1.186066406530343
        0.290681326815104
       -0.898607895282284
       -0.176395863538198
       -1.981249713848592
        3.094612778768648
        0.401245177597635
        1.590177438288599
        2.447338470934865
        0.186789725839834
        6.424782152878883
        0.355757754075306
        0.625579284352152
        2.490373982860015
       -4.451307781599177
      -38.000000000000000
        2.875544692454941
       -0.289444658268547
        0.371488261988649
       -0.264783942891826
        1.509314899826192
        2.128403405448639
       -1.931484505326928
        1.432563879430341
       -1.201696061463863
       -2.716542316438095
       -5.137758264536346
       -2.358754058825703
        0.910991683014698
        4.453012459820977
        0.257638332584247
        1.708576447555849
        0.584726616579835
       -2.763480589549527
        0.993512587742665
        1.417686636348372
        3.374491572440601
        1.612148372413620
        3.427782704001396
        1.413142793718412
        2.929196014460353
        1.293935161462891
       -3.059180432561827
       -1.160769903157717
       -3.935680723088071
        1.384370976360767
       -2.985813501317935
       -1.629075853187959
        1.715266581476105
        2.909595977266360
       -3.260690366108093
        1.912798612096844
       -1.336753221658758
        1.898995537481121
       -0.265233431104080
       -1.256973354971222
        0.187338433553695
       -3.971059069514495
       -0.791247373208111
       -0.093182696291870
        2.549431273271527
       -1.916116595992075
        3.730229348195250
       -1.456449757983445
       -2.860580220002727
       -0.289584529331690
       -2.672025626880357
       -4.005661302413056
       19.000000000000000
       -0.811975828468855
        0.160324619503816
        3.796271446217665
        0.267127147618566
        3.923087465814974
        0.168404311518991
       -3.706339908386353
        1.628323161607401
        1.083540469362897
       -3.468215652210819
        0.790661169664677
        5.342276951471534
       -2.054717043826667
        0.407683881874641
        0.581452240056951
        0.271596120811441
       -1.323172905172717
       -3.044406852125366
        7.024705335825217
       -0.121135328021007
       -0.315330317782466
       -0.417018164790723
       -1.643441989774691
        1.656739459788253
       -5.435996231432082
        0.034211023248732
        1.420744185780067
       -0.404941410633035
       -2.957448067324916
       -2.132522856957972
       -1.067934684362517
        0.408221853708752
        1.789468637917661
       -0.701025032043722
