          51
             -61.98477444
             284.23831651
            -675.11357014
             715.22087104
            -322.90658564
            -438.61329312
             102.02297718
              -0.97579071
            -373.34356350
            -180.75992212
             446.60045522
             944.45458290
            1229.42495990
            1490.55116784
            1559.01203187
            1054.29722490
              65.48725313
            -722.53421653
            -707.74311126
              -6.50165022
             680.51877394
             751.04689479
             208.43786010
            -411.38349947
            -545.88763022
            -107.98827150
             428.02645445
             485.98065448
               7.17331494
            -449.53363919
            -340.29817314
             188.79052348
             459.40466615
             128.47808125
            -351.70174919
            -335.80855793
             133.84308802
             392.11724392
              91.24676160
            -314.81804605
            -243.60818219
             168.18733987
             296.55168883
             -15.15784626
            -255.13928732
             -97.26291478
             134.58344563
             195.93403966
             -48.53498342
            -192.20884068
              13.49961240
            -305.22799687
            1549.06360973
           -2476.67088080
            1772.76612690
              91.62324731
           -1158.57937793
             321.67728653
             823.86491505
            -314.31200603
            -692.80823263
             189.66417864
             628.15980509
             -23.16519827
            -555.33775084
            -147.13673101
             441.05011863
             286.40168598
            -281.97186030
            -363.44168320
              99.47234373
             359.46282028
              67.70629689
            -279.45518852
            -178.24775816
             155.62734384
             209.22668383
             -41.44351028
            -176.25571617
             -21.54326593
             128.64095635
              33.85009303
            -116.88890546
             -53.06328089
             120.92094931
             106.81315971
             -84.06875037
            -148.99647031
              -1.30682015
              92.18185964
             -17.61655645
            -102.37408552
              12.82711813
              98.63622412
             -28.00102115
             -76.47643589
              93.44000851
             -42.71242482
               8.78990582
