          26
     0.000000
     0.000000
     0.000000
     0.000000
     0.000000
     0.000000
     0.000000
     0.000000
     0.000000
     0.000000
     0.000000
     0.000073
     0.000224
     0.000648
     0.001781
     0.004628
     0.011370
     0.026385
     0.057760
     0.119077
     0.230693
     0.418760
     0.709266
     1.113964
     1.606397
     2.090446
     2.370726
     2.141789
     1.016586
    -1.391559
    -5.338002
   -10.798896
   -17.362591
   -24.221321
   -30.298873
   -34.498641
   -36.000000
   -34.498641
   -30.298873
   -24.221321
   -17.362591
   -10.798896
    -5.338002
    -1.391559
     1.016586
     2.141789
     2.370726
     2.090446
     1.606397
     1.113964
     0.709266
     0.418760
     0.230693
     0.119077
     0.057760
     0.026385
     0.011370
     0.004628
     0.001781
     0.000648
     0.000224
     0.000000
     0.000000
     0.000000
     0.000000
     0.000000
     0.000000
     0.000000
     0.000000
     0.000000
     0.000000
     0.000000
     0.000000
     0.000000
     0.000000
     0.000000
     0.000000
     0.000000
     0.000000
     0.000000
     0.000000
     0.000000
     0.000000
     0.000000
     0.000000
     0.000000
     0.000000
     0.000000
     0.000000
     0.000000
     0.000000
     0.000000
     0.000000
     0.000000
    -0.000087
    -0.000267
    -0.000774
    -0.002127
    -0.005527
    -0.013581
    -0.031516
    -0.068991
    -0.142231
    -0.275550
    -0.500185
    -0.847179
    -1.330568
    -1.918752
    -2.496922
    -2.831701
    -2.558248
    -1.214256
     1.662140
     6.375947
    12.898681
    20.738651
    28.931022
    36.190321
    41.206711
    43.000000
    41.206711
    36.190321
    28.931022
    20.738651
    12.898681
     6.375947
     1.662140
    -1.214256
    -2.558248
    -2.831701
    -2.496922
    -1.918752
    -1.330568
    -0.847179
    -0.500185
    -0.275550
    -0.142231
    -0.068991
    -0.031516
    -0.013581
    -0.005527
    -0.002127
    -0.000774
    -0.000267
     0.000000
     0.000000
     0.000000
     0.000000
     0.000000
     0.000000
     0.000000
     0.000000
     0.000000
     0.000000
     0.000000
     0.000000
     0.000000
     0.000000
     0.000000
     0.000000
     0.000000
     0.000000
     0.000000
     0.000000
     0.000000
     0.000000
     0.000000
     0.000000
     0.000000
     0.000000
     0.000000
     0.000000
     0.000000
     0.000000
     0.000000
     0.000000
     0.000000
     0.000000
     0.000000
     0.000000
     0.000000
     0.000000
     0.000000
     0.000000
     0.000000
     0.000000
     0.000000
     0.000000
     0.000000
     0.000000
     0.000000
     0.000000
     0.000000
     0.000000
     0.000000
     0.000000
     0.000000
     0.000000
     0.000000
     0.000000
     0.000000
     0.000000
     0.000000
     0.000000
     0.000000
     0.000000
     0.000000
     0.000000
     0.000000
     0.000000
     0.000000
     0.000000
     0.000000
     0.000000
     0.000000
     0.000000
     0.000000
     0.000000
     0.000000
     0.000000
     0.000000
     0.000000
     0.000000
     0.000000
     0.000000
     0.000000
     0.000000
     0.000000
     0.000000
     0.000000
     0.000000
     0.000000
     0.000000
     0.000000
     0.000000
     0.000000
     0.000000
     0.000000
     0.000000
     0.000000
    -0.000045
    -0.000137
    -0.000396
    -0.001088
    -0.002828
    -0.006948
    -0.016124
    -0.035298
    -0.072769
    -0.140979
    -0.255909
    -0.433441
    -0.680755
    -0.981687
    -1.277495
    -1.448777
    -1.308871
    -0.621247
     0.850397
     3.262113
     6.599325
    10.610472
    14.801918
    18.515978
    21.082503
    22.000000
    21.082503
    18.515978
    14.801918
    10.610472
     6.599325
     3.262113
     0.850397
    -0.621247
    -1.308871
    -1.448777
    -1.277495
    -0.981687
    -0.680755
    -0.433441
    -0.255909
    -0.140979
    -0.072769
    -0.035298
    -0.016124
    -0.006948
    -0.002828
    -0.001088
    -0.000396
    -0.000137
     0.000000
     0.000000
     0.000000
     0.000000
     0.000000
     0.000000
     0.000000
     0.000000
     0.000000
     0.000000
     0.000000
     0.000000
     0.000000
     0.000000
    -0.000097
    -0.000298
    -0.000864
    -0.002374
    -0.006170
    -0.015160
    -0.035180
    -0.077013
    -0.158769
    -0.307590
    -0.558346
    -0.945689
    -1.485285
    -2.141862
    -2.787262
    -3.160968
    -2.855719
    -1.355449
     1.855412
     7.117337
    14.398528
    23.150122
    32.295094
    40.398498
    45.998188
    48.000000
    45.998188
    40.398498
    32.295094
    23.150122
    14.398528
     7.117337
     1.855412
    -1.355449
    -2.855719
    -3.160968
    -2.787262
    -2.141862
    -1.485285
    -0.945689
    -0.558346
    -0.307590
    -0.158769
    -0.077013
    -0.035180
    -0.015160
    -0.006170
    -0.002374
    -0.000864
    -0.000298
     0.000000
     0.000000
     0.000000
     0.000000
     0.000000
     0.000000
     0.000000
     0.000000
     0.000000
     0.000000
     0.000000
     0.000000
     0.000000
     0.000000
     0.000000
     0.000000
     0.000000
     0.000000
     0.000000
     0.000000
     0.000000
     0.000000
     0.000000
     0.000000
     0.000000
     0.000000
     0.000000
     0.000000
     0.000000
     0.000000
     0.000000
     0.000000
     0.000000
     0.000000
     0.000000
     0.000000
     0.000000
     0.000000
     0.000000
     0.000000
     0.000000
     0.000000
     0.000000
     0.000000
     0.000000
     0.000000
     0.000000
     0.000000
     0.000000
     0.000000
     0.000000
     0.000000
     0.000000
     0.000000
     0.000000
     0.000000
     0.000000
     0.000000
    -0.000071
    -0.000217
    -0.000630
    -0.001731
    -0.004499
    -0.011054
    -0.025652
    -0.056155
    -0.115769
    -0.224285
    -0.407127
    -0.689565
    -1.083020
    -1.561775
    -2.032378
    -2.304873
    -2.082295
    -0.988348
     1.352905
     5.189725
    10.498926
    16.880297
    23.548506
    29.457238
    33.540346
    35.000000
    33.540346
    29.457238
    23.548506
    16.880297
    10.498926
     5.189725
     1.352905
    -0.988348
    -2.082295
    -2.304873
    -2.032378
    -1.561775
    -1.083020
    -0.689565
    -0.407127
    -0.224285
    -0.115769
    -0.056155
    -0.025652
    -0.011054
    -0.004499
    -0.001731
    -0.000630
    -0.000217
     0.000000
     0.000000
     0.000000
     0.000000
     0.000000
     0.000000
     0.000000
     0.000000
    -0.000024
    -0.000075
    -0.000216
    -0.000594
    -0.001543
    -0.003790
    -0.008795
    -0.019253
    -0.039692
    -0.076898
    -0.139587
    -0.236422
    -0.371321
    -0.535466
    -0.696815
    -0.790242
    -0.713930
    -0.338862
     0.463853
     1.779334
     3.599632
     5.787530
     8.073774
    10.099624
    11.499547
    12.000000
    11.499547
    10.099624
     8.073774
     5.787530
     3.599632
     1.779334
     0.463853
    -0.338862
    -0.713930
    -0.790242
    -0.696815
    -0.535466
    -0.371321
    -0.236422
    -0.139587
    -0.076898
    -0.039692
    -0.019253
    -0.008795
    -0.003790
    -0.001543
    -0.000594
    -0.000216
    -0.000075
     0.000000
     0.000000
     0.000000
     0.000000
     0.000000
     0.000000
     0.000000
     0.000000
     0.000000
     0.000000
     0.000000
     0.000000
     0.000000
     0.000000
     0.000000
     0.000000
     0.000000
     0.000000
     0.000000
     0.000000
     0.000000
     0.000000
     0.000000
     0.000000
     0.000000
     0.000000
     0.000000
     0.000000
     0.000000
     0.000000
     0.000000
     0.000000
     0.000000
     0.000000
     0.000000
     0.000000
     0.000000
     0.000000
     0.000000
     0.000000
     0.000000
     0.000000
     0.000000
     0.000000
     0.000000
     0.000000
     0.000000
     0.000000
     0.000000
     0.000000
     0.000000
    -0.000049
    -0.000149
    -0.000432
    -0.001187
    -0.003085
    -0.007580
    -0.017590
    -0.038506
    -0.079385
    -0.153795
    -0.279173
    -0.472844
    -0.742642
    -1.070931
    -1.393631
    -1.580484
    -1.427860
    -0.677724
     0.927706
     3.558668
     7.199264
    11.575061
    16.147547
    20.199249
    22.999094
    24.000000
    22.999094
    20.199249
    16.147547
    11.575061
     7.199264
     3.558668
     0.927706
    -0.677724
    -1.427860
    -1.580484
    -1.393631
    -1.070931
    -0.742642
    -0.472844
    -0.279173
    -0.153795
    -0.079385
    -0.038506
    -0.017590
    -0.007580
    -0.003085
    -0.001187
    -0.000432
    -0.000149
     0.000000
     0.000000
     0.000000
     0.000000
     0.000000
     0.000000
     0.000000
     0.000000
     0.000000
     0.000000
     0.000000
     0.000000
     0.000000
     0.000000
     0.000000
     0.000000
     0.000000
     0.000000
     0.000000
     0.000000
     0.000000
     0.000000
     0.000000
     0.000000
     0.000000
     0.000000
     0.000000
     0.000000
     0.000000
     0.000000
     0.000000
     0.000000
     0.000000
     0.000000
     0.000000
     0.000000
     0.000000
     0.000000
     0.000000
     0.000000
    -0.000004
    -0.000012
    -0.000036
    -0.000099
    -0.000257
    -0.000632
    -0.001466
    -0.003209
    -0.006615
    -0.012816
    -0.023264
    -0.039404
    -0.061887
    -0.089244
    -0.116136
    -0.131707
    -0.118988
    -0.056477
     0.077309
     0.296556
     0.599939
     0.964588
     1.345629
     1.683271
     1.916591
     2.000000
     1.916591
     1.683271
     1.345629
     0.964588
     0.599939
     0.296556
     0.077309
    -0.056477
    -0.118988
    -0.131707
    -0.116136
    -0.089244
    -0.061887
    -0.039404
    -0.023264
    -0.012816
    -0.006615
    -0.003209
    -0.001466
    -0.000632
    -0.000257
    -0.000099
    -0.000036
    -0.000012
     0.000000
     0.000000
     0.000000
     0.000000
     0.000000
     0.000000
     0.000000
     0.000000
     0.000000
     0.000000
     0.000000
     0.000000
     0.000000
     0.000000
     0.000000
     0.000000
     0.000000
     0.000000
     0.000000
     0.000000
     0.000000
     0.000000
     0.000000
     0.000000
     0.000000
     0.000000
     0.000000
     0.000000
     0.000000
     0.000000
     0.000000
     0.000000
     0.000000
     0.000000
     0.000065
     0.000199
     0.000576
     0.001583
     0.004113
     0.010106
     0.023454
     0.051342
     0.105846
     0.205060
     0.372231
     0.630459
     0.990190
     1.427908
     1.858174
     2.107312
     1.903813
     0.903632
    -1.236942
    -4.744891
    -9.599018
   -15.433414
   -21.530063
   -26.932332
   -30.665459
   -32.000000
   -30.665459
   -26.932332
   -21.530063
   -15.433414
    -9.599018
    -4.744891
    -1.236942
     0.903632
     1.903813
     2.107312
     1.858174
     1.427908
     0.990190
     0.630459
     0.372231
     0.205060
     0.105846
     0.051342
     0.023454
     0.010106
     0.004113
     0.001583
     0.000576
     0.000199
     0.000000
     0.000000
     0.000000
     0.000000
     0.000000
     0.000000
     0.000000
     0.000000
     0.000000
     0.000000
     0.000000
     0.000000
     0.000000
     0.000000
     0.000000
     0.000000
     0.000000
     0.000000
     0.000000
     0.000000
     0.000000
     0.000000
     0.000034
     0.000106
     0.000306
     0.000841
     0.002185
     0.005369
     0.012460
     0.027275
     0.056231
     0.108938
     0.197748
     0.334931
     0.526038
     0.758576
     0.987155
     1.119510
     1.011400
     0.480055
    -0.657125
    -2.520723
    -5.099479
    -8.199001
   -11.437846
   -14.307801
   -16.291025
   -17.000000
   -16.291025
   -14.307801
   -11.437846
    -8.199001
    -5.099479
    -2.520723
    -0.657125
     0.480055
     1.011400
     1.119510
     0.987155
     0.758576
     0.526038
     0.334931
     0.197748
     0.108938
     0.056231
     0.027275
     0.012460
     0.005369
     0.002185
     0.000841
     0.000306
     0.000106
     0.000000
     0.000000
     0.000000
     0.000000
     0.000000
     0.000000
     0.000000
     0.000000
     0.000000
     0.000000
     0.000000
     0.000000
     0.000000
     0.000000
     0.000000
     0.000000
     0.000000
     0.000000
     0.000000
     0.000000
     0.000000
     0.000000
     0.000000
     0.000000
     0.000000
     0.000000
     0.000000
     0.000000
     0.000000
     0.000000
     0.000000
     0.000000
     0.000000
     0.000000
     0.000000
     0.000000
     0.000000
     0.000000
     0.000000
     0.000000
     0.000000
     0.000000
     0.000000
     0.000000
     0.000000
     0.000000
     0.000000
     0.000000
     0.000000
     0.000000
     0.000000
     0.000000
     0.000000
     0.000000
     0.000000
     0.000000
     0.000000
     0.000000
     0.000000
     0.000000
     0.000000
     0.000000
     0.000000
     0.000000
     0.000000
     0.000000
     0.000000
     0.000000
     0.000000
     0.000000
     0.000000
     0.000000
     0.000000
     0.000000
     0.000000
     0.000000
     0.000000
     0.000000
     0.000000
     0.000000
     0.000000
     0.000000
     0.000000
     0.000000
     0.000075
     0.000230
     0.000666
     0.001830
     0.004756
     0.011686
     0.027118
     0.059364
     0.122385
     0.237101
     0.430392
     0.728968
     1.144907
     1.651019
     2.148514
     2.436580
     2.201283
     1.044825
    -1.430214
    -5.486280
   -11.098865
   -17.844885
   -24.894135
   -31.140509
   -35.456937
   -37.000000
   -35.456937
   -31.140509
   -24.894135
   -17.844885
   -11.098865
    -5.486280
    -1.430214
     1.044825
     2.201283
     2.436580
     2.148514
     1.651019
     1.144907
     0.728968
     0.430392
     0.237101
     0.122385
     0.059364
     0.027118
     0.011686
     0.004756
     0.001830
     0.000666
     0.000230
     0.000000
     0.000000
     0.000000
     0.000000
     0.000000
     0.000000
     0.000000
     0.000000
     0.000000
     0.000000
     0.000000
     0.000000
     0.000000
     0.000000
     0.000000
     0.000000
     0.000000
     0.000000
     0.000000
     0.000000
     0.000000
     0.000000
     0.000000
     0.000000
     0.000000
     0.000000
     0.000000
     0.000000
     0.000000
     0.000000
     0.000000
     0.000000
     0.000000
     0.000000
     0.000000
     0.000000
     0.000000
     0.000000
     0.000000
     0.000000
     0.000000
     0.000000
     0.000000
     0.000000
     0.000000
     0.000000
     0.000000
     0.000000
