          51
       -0.001568311261295
        0.010677173995257
       -0.028935285017325
        0.027353726878592
        0.038364934474377
       -0.123481986563939
        0.089871039386521
        0.076782782117752
       -0.112337326322556
       -0.073515475977213
        0.169639808516004
        0.009730213854951
       -0.136142628919801
       -0.126626742419738
        0.189365602373016
        0.017361727658383
       -0.005742214497630
       -0.136871711778625
        0.058576172995359
        0.294784833326474
       -0.112996585921053
       -0.361171416720367
        0.039706026742522
        0.391872643606689
       -0.013239447926253
       -0.216972904350314
       -0.140812589177585
        0.125862154504830
        0.268540276149906
       -0.102103762995398
       -0.257164817078774
       -0.075821761698963
        0.289398680862689
        0.247925697898722
       -0.250839803970393
       -0.286757762110938
        0.073865129331125
        0.212971935804489
        0.050578404305497
       -0.020779505651262
       -0.091939466289205
       -0.114229433512264
       -0.028749492291354
        0.119551456338968
        0.407682961779869
       -0.220391857703021
       -0.895748537540499
        0.185073557668034
        1.353000205754711
        0.730055443548849
       -1.062220557573710
       -2.451983434911995
       -2.189631551648091
       -1.089367438648367
       -0.365736277497888
       -0.176639115686726
        0.441306782161519
        1.229687624639610
        1.889296251885753
        0.894023096653882
       -0.757997354422514
       -1.234436092920760
        0.494947418884266
        2.059827417001955
        1.686174169106380
        0.218299881975668
       -0.547722349898095
       -0.655023804358734
        0.311522290853929
        1.055969591583676
        0.944137269979421
        0.984175246916497
        0.406563608314315
       -0.090372258107550
       -0.040271908706870
       -0.178551666460180
       -0.385152946385006
        0.188652659228609
        0.439368949193387
        0.430324048317573
        0.388412459007213
       -0.158317399224075
       -0.855270316938686
       -1.673477992622338
       -1.716439406733343
       -0.898442934638979
       -0.409974042412614
        0.287789105656657
        1.353641108883721
        1.069174715893269
        0.198534747974463
        0.206036062658086
        0.210311398302792
       -0.090117646004728
       -0.473754340126987
       -0.578061662900240
        0.559344606378147
        1.100310350298415
        0.347959352147370
       -0.328478849152134
       -0.561194115470926
       -1.024358277041756
       -0.987952063822831
       -0.552559081215804
        0.577959881560218
        1.870083701062413
        1.937520435293209
        0.304806834600640
       -1.267466862380388
       -1.155605408096903
        0.930151742965677
        2.567993864187429
        2.553509736052206
        0.088770744971384
       -1.559324833700188
       -0.361470952708089
        1.981164592094956
        3.533381939853939
        2.337947770197957
       -0.467334127661388
       -2.067244708000089
       -1.139087853083311
       -0.724064361659430
       -1.264828707027164
       -1.615174081444366
        0.229293078821684
        3.385090739152474
        4.820690623897463
        4.041622914560321
        1.962874945700150
       -0.186658466383506
       -0.843489545054126
       -0.166415647515805
       -0.217870605299254
       -0.703282861940238
       -0.782929326578540
        0.542430427805925
        3.059118428391685
        3.729061825379517
        1.122852615781653
       -2.189796696242183
       -3.966976389604042
       -2.850094700371869
       -0.204747171437873
        0.884308751702463
        0.749181622877813
        0.760570810257377
        0.972481964745384
        0.204609345076278
       -1.923149487470255
       -3.256094606554143
       -2.743374875924928
       -0.995997250701294
       -0.430470416173193
       -0.803126101632188
       -1.640472325639166
       -1.580881761366072
       -0.525320831531445
        0.880068470820788
        1.056853799913370
        0.141867798596650
       -0.707771572366710
       -0.897351899308887
       -0.432172657352567
       -0.025956463474813
       -0.237549935520292
       -0.663085604591743
       -1.036152341351908
       -0.854808627136833
       -0.230577008232444
        0.255748966209467
        1.231772823109168
        2.243736549433379
        2.523804729394669
        0.913237876255835
       -0.833312436170786
        0.228670323026336
        3.920856497097702
        6.306769052341792
        4.538649430040891
        0.838854583564284
       -2.145152248385784
       -2.974823666880184
       -1.883208641871988
       -0.078197973977808
        0.382298952437509
       -0.505579976561023
       -1.772946739813108
       -3.304605771081640
       -3.737295637501006
       -2.940119070513333
       -1.497826574944838
       -0.352803192113470
        0.353492652107661
        0.886130569058878
        1.938038996147725
        2.643087329784748
        2.074878721524783
        0.569130385875724
       -0.617364180051339
       -1.073722564258560
       -1.093913336512344
       -0.365250287098945
       -0.044142310913344
        0.096463560144741
        0.780693840362829
        2.225072683857320
        2.967205393666859
        1.323372502722918
       -1.687905459628837
       -2.549214682371030
       -1.417681625811724
        1.533076377563134
        2.033418898735221
        0.584636389210800
       -0.082409847215558
       -0.222870356543353
       -0.849203608138851
       -2.039250133932001
       -3.064254723151862
       -2.224598235932717
       -0.098901775336344
        1.416869960376516
        1.459859176356531
        0.722390869945684
       -0.017565249485415
       -0.430262331612198
        0.078472179599402
        0.866214419907919
        0.419515912301904
       -1.028941366243089
       -1.812513554919860
       -0.981425566575126
        0.951603477737081
        1.743848151721977
        1.177294839493698
        1.266267535971565
        1.635663303557521
        0.516279672003748
       -1.198854675688153
       -2.019536495140841
       -1.483966648210298
       -0.981139012343192
       -1.743091541714421
       -2.999663874178168
       -3.067967934267926
       -2.159639865717054
       -1.136788300878379
       -0.597947763370030
       -0.517210698912208
       -0.486254193895093
       -0.534192195779553
       -0.253139222895925
        0.077013105312972
        0.387616763459391
       -0.291771315885399
        0.748536409537792
        3.475853458279744
        7.050400123130544
        9.005558332967240
        7.340026304263461
        3.615868592594779
        0.893744960346112
       -0.338692846823960
        0.507122856829028
       -0.057804152118479
       -1.727264187899664
       -3.020130900929189
       -2.297369946924846
       -0.573013240875298
        0.708015386098850
        1.214539846041134
        0.483215716776044
       -0.899602977028280
       -2.324895124454372
       -2.426975001355970
       -1.037576194469210
        1.037951882910534
        1.853591049848660
        1.945131083400781
        2.545801229266099
        2.617090004724503
        1.377667329610745
       -0.327939147143866
       -1.481049330804808
       -1.508077700882836
       -0.874450506338462
       -0.799158106355065
       -0.316896799997721
        0.086799517596774
       -0.675227887872552
       -1.544777130542570
       -1.273653514744296
       -0.311697723378757
        0.161011740540516
       -0.483161502015690
       -1.026161428061982
        0.034672646722697
        1.183085724751095
        0.342486534657723
       -2.100738633940409
       -2.908968315442735
       -0.486725831302692
        2.646310602417543
        3.544418177484900
        1.706666464647128
        0.156966108897223
       -2.118985768035827
       -2.480931533336388
       -1.986888149266179
       -1.715474140110928
       -1.368052736976551
        0.352796825503674
        2.996331451621018
        3.801559485792259
        1.877741636319115
       -1.114017804679634
       -2.026724748225661
       -0.630539153156860
        0.898509796922099
        0.694961102583875
       -0.361913919569133
       -0.941452597167874
       -0.457430209258064
       -0.002347427502173
        0.101662856603070
       -0.150420311455491
       -0.684643821288773
       -0.905482973046674
       -0.708516862452598
       -0.146388902347098
       -0.075147980993279
        0.285653052502312
        1.097160362407521
        2.323572520986545
        2.886372651568308
        2.933489415192071
        2.157482461579093
        1.146591112547640
       -0.545820771646277
       -2.539423966296454
       -2.903393502992003
       -1.899817743792482
        0.120693533959638
        0.139316073924419
       -1.083927586803384
       -1.193094271769951
        0.703135967165963
        1.014286981315763
       -1.267012197676195
       -2.286049511285000
        0.089836100598859
        7.182353552336735
       12.642807506943427
       10.924514976221872
        3.976646344304299
       -1.289077837494006
       -1.658515297192707
        1.292065754494615
        2.383871837720108
        0.869914634353051
        0.294578023699131
        1.540728418916160
        2.876560235283250
        2.190052208246016
       -0.376693466713732
       -1.459608538275006
        0.085618242419969
        2.407693390685949
        3.583941916097274
        2.042804675772231
       -0.299574256843528
       -0.769477475911742
        0.644513875953976
        2.834395310732589
        3.410597212003495
        1.652758235373994
       -0.360116397177535
        0.690394336291320
        1.300369450041217
        2.227543254507054
        0.899550366887524
       -0.550169623601505
        0.676049536299161
        2.574650304751685
        1.558783223813862
       -1.354821861733399
       -2.729720293015134
       -1.350552747641132
        0.535077625758731
        0.182072392958844
       -0.478630926570474
       -0.560982687676983
        0.234949203736051
       -0.277484454593832
       -0.865957087563402
       -0.552262586768848
        0.662096102496434
        1.012750238644003
        0.596405542861248
        0.646749408333562
        0.903841891829870
        1.463343628074654
        0.406034220712172
       -0.157337340275262
        1.069077722259863
        2.533014145353263
        2.521979714124882
        1.288223294154932
        0.624799608158071
        0.979614149332564
        0.925974778962086
        0.497483289511678
        0.291187259998424
        0.328778771513726
        0.159244053873863
        0.418845537190691
        0.806217377996290
        0.433014050909833
       -1.993568765620012
       -5.120989514043913
       -3.561453275730400
        1.821062520753458
        2.475611779276278
       -2.979334939156161
      -13.099275179471533
      -17.572082177165612
      -11.833600635911807
       -2.066458363026413
        2.362701693578174
        0.481275371596922
       -4.256696541815074
       -2.786309042614334
        2.387660412548712
        3.560996003828791
        0.534314362506052
       -2.816000098498989
       -2.978101033223993
       -0.820196615589111
        1.219992940930752
        0.941236902530363
       -0.533871575418971
       -2.267718078728876
       -1.790272777865994
        0.611841480496935
        1.595380117470370
       -0.005560377771303
       -2.791753246588314
       -4.015843685234472
       -2.032718739308621
        0.424307617537071
        0.819703677453049
       -0.462875609485991
       -0.538692571035881
        0.085272285578867
        0.717021846689931
        0.482660354725340
       -0.058554872975947
        0.053829725079822
       -0.342502850404912
       -0.632249554867371
        0.424107564361975
        2.425471651004585
        2.376061051107172
       -0.257779848311657
       -2.252114146013355
       -0.766159515063919
        2.275105028203598
        2.945824709896897
        1.538949804106778
       -0.250625097140073
       -0.916657253229914
       -1.497862245303395
       -1.340808725300349
       -0.487702047058747
       -0.973139825096041
       -0.617767727598221
       -0.341413429096406
        0.996895023621470
        3.340255628349780
        4.952625447064406
        4.361122439013570
        1.888459462266155
       -0.590070679820883
       -1.860208893418303
       -2.427010464571708
       -2.892731739548736
       -1.341961752911175
        1.136282602077699
        2.679383318840337
        2.176421601654965
        0.836642761589701
        1.044607224327137
        2.646984538973356
        3.264344727933803
        1.546744866276185
       -0.445966064691447
       -1.168709373514048
       -0.157254865425330
        1.856169718259480
        1.622073426097813
       -0.262731264101149
       -1.480001109172917
       -0.289099906259253
        1.804143855783423
        2.663108903480406
        0.652321031530391
       -3.249061874123527
       -4.816697806199500
       -2.616120596427209
        1.529172405330200
        2.705165102254455
       -0.008231878474632
       -1.849598115571894
       -0.270166279697833
        4.327793633539159
        6.911203928707437
        4.643561820696505
       -0.277473643935082
       -2.857675859092524
       -2.232477833783832
        0.306518839273849
        1.789747885391762
        1.604520569456440
        1.610052063511944
        2.471724250960278
        2.839377435821007
        1.849883869810810
        0.400352379361038
       -0.082946433231200
        1.049459759577076
        2.395404791201599
        2.221079905819352
        0.945890734299269
       -0.539484517619712
       -0.373709135435035
        1.162370304667888
        1.855733537084575
        0.630369114775021
       -1.673634053329977
       -2.676478079947401
       -2.159827496799721
       -0.313506234458941
        0.569737768326718
       -0.539799445423569
       -1.859938697096254
       -1.871693678922043
       -0.387112112621821
        0.803236761831840
        1.100991532047829
        0.156840430987586
       -0.803768038152157
       -0.086056717696692
        1.296417821305567
        1.993197048306683
        1.832222354063560
        1.721179268094147
        1.045078033211212
       -0.053592822848259
       -1.450355523208600
       -1.816917711802489
       -0.645405605119322
        0.962051110599077
        1.635161737448470
        1.181461404617039
        0.516853696259204
       -0.267274469237691
       -0.358340596598737
       -0.523032884243321
       -0.524902093790161
        0.229009247623253
        1.258935820546824
        1.913578110287631
        1.293267640293493
        0.054798656738171
       -0.454256994196726
       -0.149763522951275
        0.252035653775124
        1.187351160490607
        1.856023263645397
        1.709306480915757
        1.148187401102518
        1.135411274661521
        1.596898955995130
        1.580136873882793
        1.151003111125419
        1.079860318911869
        1.504322075345044
        1.995986454885042
        1.544745238897121
        0.932877430215740
        0.382653082489014
        0.503642951651273
        1.156506535010067
        1.334139204553480
        0.722856929138686
       -0.079747085724080
       -0.283783249341155
       -0.642939993663134
       -1.310749741665973
       -1.389988270865956
       -0.605149731811707
        1.155017459327382
        1.428342684041127
        0.709702512778676
       -0.431358667610311
       -2.021624652494211
       -2.581690495383100
       -0.794283518147040
        1.435254796956769
        3.104657355065228
        2.752273477896097
        1.322979199553842
        0.264333079799826
        0.633584074961675
        1.967021274567003
        2.820013643255663
        1.066842823963441
       -1.457227868659572
       -1.629709165211921
       -0.605435290207652
        0.212870412487064
        0.925549493538028
        1.000701882939893
        0.606401480457862
       -0.232182826218150
       -0.960162953273993
       -0.616244698276660
       -0.065353052826140
       -0.573225259400942
       -2.354013584726431
       -3.903513692375245
       -3.599180501322053
       -1.663619971390062
        0.521698495997725
        0.952318174353422
        0.250445528593900
       -0.234090233190500
        0.554034565376128
        1.211003928594266
        1.043420617041193
        0.099693524634631
       -1.491523391151986
       -2.070343010728720
       -0.670933555297324
        1.746218466097844
        2.930160981946528
        1.338323974003970
       -0.755684958984830
       -1.299225197608848
       -0.296213434489232
        0.555607023486118
        1.078994554430750
        0.961154601629289
        1.882755280217225
        2.047520952741934
        1.429817191676420
       -0.301497113534879
       -2.128056147681946
       -2.752336735683912
       -1.943429454455782
       -1.337067136840915
       -1.004875679848396
       -1.017201708790449
       -0.421011954053483
        1.391781025827868
        3.050424366653033
        3.103012645204899
        1.991352022155979
        0.312955799428210
       -0.813917438091721
       -0.600020308986132
       -0.199938894495972
        0.096237434580871
        0.330398893043821
        0.428746829197735
        0.485676116792092
        0.423412366107186
        0.489581508945776
        0.797422130741325
        0.307840506649882
       -0.724963372762431
       -2.131557022162269
       -3.052736140270554
       -2.741606692948835
       -1.332348062403980
        0.136170834234367
        0.630773833976662
        0.299045382772988
       -0.041007970164856
        0.423191568608331
        1.704273107742665
        2.466903139374494
        1.930368823771460
       -0.014834703833571
       -1.480273634029857
       -0.481400274942416
        1.182850642715607
        2.608618737801237
        2.702145058942108
        1.799949791446863
        0.783286684064905
        1.150369107337816
        2.846313430742839
        3.802654453455773
        3.137481014647392
        2.485398094071002
        1.821892091771133
        1.467100405112546
        0.761696665519366
       -0.590985402034676
       -2.009598383635762
       -1.990088379392660
       -0.028792003881179
        1.702318570213194
        1.095848395931341
       -1.209681238444716
       -1.708480252977608
        0.224409026191637
        1.241789821329817
        0.213795079283898
       -1.500584653510373
       -1.360239483144596
        0.388339385336394
        1.201567833574245
        0.732427541052857
       -0.555987768816522
       -1.171587265199832
       -0.951318547708524
       -0.092025889279284
        0.686075704879386
        1.338752911007305
        1.119374881839462
        0.722529046062419
        0.031779528285369
       -0.327873742737324
       -0.367098155419058
        0.375479510322521
        0.952562421040284
        0.772802143787771
       -0.033763402005206
       -1.126002224568083
       -1.698834776935428
       -0.452178987919979
        1.276776964412306
        1.357804244218073
       -0.245145785571538
       -0.109679370003789
       -0.057251701147464
        1.335516915661596
        1.572506557222312
        0.679667592174361
        0.688942485668875
        1.496747807392410
        1.588565541465186
        0.933986949857285
        0.298801611545287
        0.355597943121893
        0.403781023087731
       -0.211854632958421
       -1.287154465073854
       -1.134011530454700
        0.099360039791918
        0.169837237448974
       -0.543961405388472
       -0.622376104413888
        0.080119880220082
        0.260810157602464
       -0.737119394150795
       -0.966989707598259
        0.241502114980904
        0.296880138619599
       -0.726951684848245
       -1.412227467025332
       -0.157981732800181
        1.442160937687959
        1.114821826378261
       -0.203932009411346
       -1.373155261159127
       -0.427085883052541
        0.938352165870242
        0.654428116117629
       -1.202403492895087
       -3.285433205885511
       -3.628850724063568
       -1.164685174662281
        1.922556508886828
        2.464277447979384
       -1.351695386097788
       -5.931202681877494
       -4.533553789706907
        2.440645684299859
        4.147182446835565
       -2.659079403920945
      -14.520743087726018
      -19.647954051129595
      -12.612974873552744
       -0.428372989918273
        5.509790466321022
        4.654243793766000
       -0.982900718993506
       -1.727675475728915
        1.875923772175042
        3.811483502187734
        1.664850468744703
       -1.401758710965623
       -2.717750865801008
       -1.983508492322926
       -0.720740310764086
       -0.761198000762761
       -0.982013851123611
       -0.348777927919400
        0.028790717912216
        0.348149596712119
        0.786751455234025
        0.127643281951578
       -0.700991214877263
       -0.390047403423694
        0.963914365806886
        1.225956152391973
       -0.571944836918192
       -2.296782721735553
       -1.441039448517813
        0.675351846771264
        1.967893162269434
        0.872945905347706
        0.423488561160482
        0.391900006418609
       -0.075326570285768
       -0.353063453926211
       -0.487054592416087
       -0.771897750039273
       -1.207605223107535
       -1.681118860097968
       -1.407093283885928
       -0.887676999476753
       -0.960912819619011
       -2.083831348036142
       -3.047356661487356
       -2.679649292509794
       -0.577028552728734
        1.131204399668604
        1.485132512449582
        1.460533394637423
       -0.852007527433670
       -0.673906259021351
        1.332025896454070
        2.939756836766719
        2.666635154735559
        0.363022672489933
       -2.411591036138816
       -2.703798782268677
       -0.843929988312084
        0.758454751562795
        1.113531148745096
        0.624063946014758
       -0.177880094623106
       -0.655286419857475
       -0.690991834336273
       -0.178814776585568
        0.524603715130979
        0.408747283302546
       -0.249179094334522
       -0.171677814152872
       -0.882973225646310
       -2.779736969436996
       -3.470900386490172
       -0.962678691083996
        2.912999653143174
        2.300191482755281
       -2.190839168275488
       -7.617618805139500
       -9.417888020295322
       -6.369044019434114
       -1.404218383733678
        1.446456135097833
        1.040024781757893
       -1.809685906736831
       -2.175893599026949
        0.620448404673652
        3.382004413043887
        3.735223537070567
        2.875460350809988
        2.357632378405924
        2.331829257847176
        2.794207915754441
        2.753806878026353
        2.210796012612718
        0.990627373380903
       -0.408267771651026
       -0.917266435368674
       -1.704623382942373
       -1.843649700128935
       -1.171186587448574
        0.459618297890756
        1.887007031145458
        3.284571385552226
        4.137620064839211
        3.662797960831540
        1.596763439779807
        0.467640022571686
        0.975910447054957
        2.727614890642144
        3.239337404875641
        1.500611655740613
       -1.005122735046371
       -2.087532633924184
       -1.019733557054678
        0.915180349706134
        1.311375512221957
       -0.528574942738715
       -2.469522130012592
       -2.382527953194085
       -1.181206184572829
       -0.089308014419885
       -1.416807590804183
       -1.155506250333246
       -0.792717129782204
       -1.787206455398518
       -2.222383782991756
       -0.679309236420522
       -0.245455212133038
       -0.482542131016316
       -0.862755001555797
       -0.761725069405202
       -1.584431669054311
       -2.845037719245312
       -2.792596954366900
       -1.030390459696036
       -0.428951587097117
       -1.792914345061604
       -2.656909283417775
       -1.375511929979893
        0.619009588051995
        0.679627599891319
       -0.956459652996273
       -2.359134237429316
       -1.330035579250762
        0.476391574542504
       -0.467233469995335
       -2.390323934763728
       -2.422090001062315
        0.330455992584575
        2.111942576761066
        1.468539494661854
       -1.436515169683844
       -3.275611806055849
       -3.248406517976036
       -1.672189156024615
        0.193880519624145
        0.884075714975097
       -0.321953668606966
       -0.720655512745452
       -0.012984759427127
        1.510767806048761
        1.240378346932971
       -0.512263597571973
        0.288395751367915
        3.594869568835156
        2.816991330107555
       -3.024171888041849
      -11.906965575775985
      -16.167372178516644
      -11.845539760162637
       -2.186514728039583
        3.624069252978643
        3.130249820783774
       -2.625875323064975
       -3.924001384741587
       -1.500671621062793
        0.728348364460089
        0.919760689622308
        0.599231989543114
        1.001642929323452
        2.294368173780413
        3.084704356189491
        2.234507534889417
       -0.294479259970373
       -2.298965376641775
       -1.840861665070065
        0.165323602450599
        1.478160914651880
        0.722000659155015
       -0.672934463877681
       -0.316319049837205
        0.748825360232786
        1.143545911152614
       -0.229063939127627
       -1.861763600483755
       -1.912071013066452
       -0.573252782943200
       -1.192142991390938
       -2.346251954516447
       -1.519515196747307
        0.457258731217735
        0.804243704519422
       -0.919008798564960
       -2.678168476490100
       -1.931582459543961
       -0.203326660092671
        0.300012473788684
        0.179121459502539
        0.916586304098246
        1.724933205068055
        1.089190439456559
       -1.026202898677447
       -2.580557649134420
       -2.117051147309013
        0.143756610052293
        2.247921572129030
        2.232692742056269
       -1.563527053656586
       -2.773285730632693
       -0.508800954392401
        4.993530637547742
        8.481825225428770
        6.820755543234455
        1.765645701436021
       -1.619093379549033
       -1.117548788320676
        1.571683329493624
        1.673721729033673
       -0.885030304756810
       -2.427746308093219
       -1.379672466915736
       -0.419148830211952
       -1.347615633910664
       -1.753778930833391
       -0.359705778790612
        1.489770863741001
        2.127181787810116
        1.155944397279723
       -0.615155632287284
       -1.405319908942914
       -0.586707810406622
        0.098306352883689
        0.656569403215592
       -0.177512807172814
       -0.908586024533367
       -0.489973532003617
        0.778755969418920
        1.874641891868837
        1.410884505288359
       -0.803658476678072
       -2.775800078528200
       -2.117408106333272
        0.340100659035523
        2.388540065059967
        2.407104094531670
        0.980514232497064
        0.089180065999101
       -0.263261952232924
       -0.134462948490955
        0.046172638775866
        0.127910203060691
        0.187821288899466
       -0.117110724656677
       -0.104833501565096
        0.127420572863982
        0.072493161073712
       -0.098051896617571
       -0.011382123030010
        0.101751462360588
       -0.145803837436745
        0.203583870652727
       -0.027656903068085
       -0.231395976847135
       -0.118743988021819
        0.214272431732709
        0.263201896971538
       -0.180521286100241
       -0.217383755305784
       -0.065526614964450
        0.323301729900641
        0.162912972283801
       -0.263038699038489
       -0.208011060953461
        0.167985412046836
        0.113245255152873
       -0.129482132491570
        0.024824418719379
        0.059763103969097
        0.067481347877134
       -0.084094418025222
       -0.074514105817162
       -0.028709275617842
        0.108707293177281
       -0.032102339075135
       -0.025687889401395
        0.059035048496347
       -0.031305608765793
        0.023891211992813
       -0.002122536601656
       -0.018372675455861
        0.010869289800256
       -0.000040591719892
       -0.002974133077182
       -0.000928045901297
        0.001385360245098
       -0.000506267439931
