          26
      306.172504835662494
    -2653.461848479080800
     9863.899646790152474
   -19386.381676490957034
    18209.188408567584702
     1129.460312160750618
   -17710.690884188632481
     5321.237995586736361
    16613.480037377747067
    -7029.338013235770632
   -17103.728297356479743
     6346.368671047937823
    18585.935142434736917
    -3772.609754880832043
   -20150.320426050224341
     -570.162740396277513
    20908.226880119589623
     6273.692934057064122
   -20023.976187561114784
   -12493.771651911578374
    16834.050533753790660
    18206.695580793908448
   -11314.731216795626096
   -22215.317289266055013
     3981.489181173150428
    23719.042529318357992
     3889.979228819895070
   -22107.707240079616895
   -11382.561693450872554
    18259.793101361545268
    16760.555819008048275
   -12450.335873284871923
   -19961.954567546184990
     6149.328569777921075
    20955.474045505539834
     -482.428319010476116
   -20286.340686308627483
    -3693.757168364885729
    18587.208623702965269
     6289.746821772248950
   -17015.152489190499182
    -7111.559889391035540
    16629.222287198994309
     5405.808250812726328
   -17865.814499798216275
     1287.961226295854431
    18097.656679948093370
   -19330.351710431234096
     9844.385477644418643
    -2649.196885255378220
      305.729367134986489
