          51
       -0.000620958938941
        0.003480469300210
       -0.009043452258293
        0.010715460350053
       -0.002312792168458
       -0.009721813079827
        0.005579388562439
        0.008378982840490
       -0.006444264618662
       -0.007214781726776
        0.009478809471049
        0.012940342715511
       -0.003812728247103
       -0.012160250597992
       -0.000096988712777
        0.007869073559839
       -0.003686370600878
       -0.012589808934363
        0.001672700570310
        0.018564514377324
        0.008032882076265
       -0.017426578494280
       -0.018803457005788
        0.007695996296320
        0.023037721333992
        0.004825162068755
       -0.018905180666763
       -0.014217852364595
        0.009474833532295
        0.016785272545064
        0.000815439850072
       -0.012924231442106
       -0.007786572163567
        0.004916796935065
        0.009105630399571
        0.003990458053202
       -0.004217961741666
       -0.010713649729047
       -0.005968656282539
        0.012433743563297
        0.020011561323192
       -0.006896922298095
       -0.036479590863335
       -0.007788345763541
        0.054487021321010
        0.033679922425193
       -0.073287823643716
       -0.075749206366946
        0.068775711221266
        0.309992231506355
        0.426999911490967
        0.309998540504228
        0.068776132329965
       -0.075742229387619
       -0.073324911661592
        0.033742385868109
        0.054411640818892
       -0.007713721201127
       -0.036516336674135
       -0.006920550502981
        0.020060654732664
        0.012397702295945
       -0.005945288025149
       -0.010713244306950
       -0.004269428556200
        0.004065179400680
        0.009077402941634
        0.004877212158762
       -0.007725538151813
       -0.012947473964499
        0.000784770094674
        0.016827437313166
        0.009454174836459
       -0.014186250312975
       -0.018967497767453
        0.004865358712907
        0.023054707751580
        0.007646713306735
       -0.018752287952978
       -0.017459237294445
        0.008052466033313
        0.018524756518298
        0.001692460012552
       -0.012540792685407
       -0.003749684965944
        0.007875628106308
       -0.000047189674014
       -0.012238873525007
       -0.003792606342598
        0.012943893509892
        0.009443170271356
       -0.007169298601625
       -0.006481440049437
        0.008378760041290
        0.005633287208706
       -0.009802888707061
       -0.002237040358172
        0.010668099318086
       -0.009022376252550
        0.003474570943578
       -0.000620060196200
