           1
       -0.075477161298355
        0.829384709403025
        9.802014010313901
       -1.034920241110946
        0.171397784013642
       -0.990499046266564
       -1.000000000000000
        4.043385352805926
       -0.934745034762720
       -2.682103209767758
        0.962126196345274
       -2.540353467628191
       -3.804547192638274
       -0.448871465055457
       -0.290332289722873
        1.410279534231892
        2.852442440962078
       -2.250385979623225
       -2.892865357644165
       -2.113080039161333
        1.754007030321825
        1.763086049493803
       -3.293708065845338
        0.835896827315621
        5.581702625811377
        3.419389374386862
       -0.812039305824962
       -3.109156653075631
       -0.215479083069272
       -5.785937538585411
        1.471601082617423
        1.372766103623315
        1.714276066571992
       -2.663635176900943
       -3.803835295253313
       -2.124962772628658
        0.430237105353170
        1.871101238426181
       -3.321506525363418
       -2.645175733150130
        3.694767558663344
        0.838020187894161
        0.536275860623111
       -7.564204515571057
        1.006180023953346
       -2.253630672015039
        0.116658842582548
       -1.325651857584187
        3.301059932123131
       -3.024916945730920
       -0.980938988240067
        0.836925923231999
        2.722319931319819
        1.030520430073837
        1.171032971556141
       -0.164287796319216
        0.644284477225043
        0.319805279277452
        3.019534074605122
        3.475836188282708
        2.226411155404991
       -1.891212752321068
        1.306618566839292
       -2.319127926570519
       -1.115918153585165
        0.965068232225814
        6.172271020625007
       -1.079663364788324
        1.762752802971192
        1.902383752622068
       -1.928083430824528
        3.845643699764340
        0.546351614010636
       -3.848609594429071
        3.182324695080146
        1.277908155626963
        2.377022416585960
        0.620792723817304
        2.062319514936378
        2.793176153820207
       -1.216400491253218
       -3.439951394251357
        0.004957646176478
        0.426098264312665
       -3.718739972088752
       -1.139669809047229
        3.339025345392627
        0.511339762423507
        0.879985082978305
        4.653186618726101
       -1.044322448526818
        1.251545277373562
        1.236761670938554
        2.831817192493320
       -3.743388729103610
        2.587634871207605
       -1.346473992018833
        3.186088745643533
       -0.799471058086951
        0.210470721464199
        0.476576450085540
        3.452733316108075
       -1.434419334672736
       -2.947130724548963
       -2.385400383698205
       -0.747016248152493
        1.806323601773950
        0.168483848261393
        0.734253771705046
       -3.329302905483626
       -1.144335815827997
        0.655993262553928
        3.928932485134837
        2.688334106324154
       -5.451097428818160
        2.678097014269971
       -1.425892322046620
        2.710788863998833
        5.473197235593044
       -4.922982461354448
       -0.103923209512552
       -3.960780521820105
        1.873164580709197
       -1.590404592869783
       -0.773883950237260
        1.957925085534900
        0.890683849151591
       -0.531050242518132
        1.194073597114212
        8.000000000000000
       -0.284368048210267
       -7.004581261398517
        1.338455803667171
        3.359298045291671
        3.277646772602751
       -3.804579943816194
        0.061870028303839
        5.377831287009347
        1.805733722742175
       -0.614577830558284
        1.176842074746277
       -0.143500961260701
        1.883532200483520
       -0.852912427609113
        0.919399488008530
        0.456813350750448
       -0.622790854067038
       -2.245994177178548
        3.069341461087533
        0.792313303816310
       -3.047700065237068
       -0.391406431535928
       -0.308165850557711
       -2.106437373657014
        3.574419844115237
       -1.165804482840246
       -2.771755896047590
       -3.044785170692146
        4.117890785483967
       -2.549179591700404
       -1.446913412338026
        0.074579958894691
        4.571992838580414
       -0.483544109601297
       -4.107211603584493
        1.587482529065914
        0.657060246668221
        0.039366590486434
       -4.126494044090009
        0.298511875242705
        0.023984729940356
       -2.634309611917546
        6.975386378399434
       -1.944293591673578
       -0.023417088380516
       -2.268397101952935
       -3.365517421105840
       -1.555609878036320
        1.947074769384519
       -0.366684210610881
        0.647439186618669
        1.529105178492662
        2.504380607191770
        1.621751077130698
        0.476175848527689
       -1.376175675605657
       -0.419241407687449
        0.340064335182054
        0.362859384498386
       -0.808988655777291
       -2.151734556690554
       -2.875025020066474
        3.854403512785332
       -0.162527786410780
        3.200684841012934
        3.947053226618369
        1.827837954355533
       -1.957072512024510
        0.262700767048423
       -3.783678506867843
       -1.301314835876070
        0.842758690691468
       -0.514852136559390
        0.820360963606008
       -2.419281960268211
       -0.188367034624860
        0.020884974674586
       -1.349575485268770
       -1.430010311868696
       22.000000000000000
        6.670795891339663
        0.970918622495432
        1.607915797494493
        3.680619015573495
       -1.810349300809480
        1.656357383062259
        1.221603775119114
       -1.185496238495987
        1.048996525319397
        1.800608594352628
       -1.889100151005860
        1.311537633179993
       -3.796173633207444
       -1.983593076980094
       -2.613678919428406
       -0.059162243625627
       -6.263734416503844
        2.733985484156605
       -3.278718380703450
       -0.482249279096945
       -1.328164361961490
        0.205256630592954
        0.063145444101537
        3.212136392234817
       -1.052764878232977
        5.937053481107123
        0.238629512141196
        3.864282457555502
        1.082768253374828
       -1.919011246917755
       -0.543802444019503
        2.200864794701801
        2.401978411662162
       -2.104173259688201
       -2.035685190493841
       -0.070566324728375
       -1.361265126572893
        0.863366284149118
       -0.938591872426824
        1.304183407658051
        0.933086498952602
       -1.841407697688033
       -2.410636764275633
        2.501940713276774
        0.216741953431677
        2.929867161934309
        1.195459792885935
        2.281765715625071
        0.862877250134455
       -1.834050185098805
        1.900650724941509
       -0.279588873639716
       -0.512310078785738
        0.183978587844443
        0.685859162559458
       -0.194565892979694
        2.655679430452875
       -3.107584997619020
       -0.408790936883051
        3.428854093615024
       -0.636396786524854
        2.024398775011826
       -3.168020939151852
       -0.138794222959225
        1.863616100645376
        0.230647701393163
        2.438913525170367
       -2.039684335842610
       -0.451466790236706
        0.039979932491774
       -3.164745240294105
       -0.094110249351263
        0.698957808906218
        0.562727075429420
        3.899006039477218
        2.120835037666622
        2.187958815511817
       -6.353980039782186
        0.252061247162138
        1.184863249636058
       -1.229050967919413
       -0.784316339096624
        0.334870356124542
        0.178468275829091
       -4.473736656658755
        3.549514234087649
       -0.376920853311930
       -0.197862891617642
       -0.259777883090986
        1.843906634048402
        0.916072991556346
        1.796228050851933
       -2.089223619371073
       28.000000000000000
        0.218146411801609
       -2.890782662478165
       -3.775349251835904
        1.759642717601400
       -1.133713588771627
       -0.389788784164028
       -0.970915516423559
        1.458484625298412
       -2.057368572767321
       -1.285243636304759
       -3.177822949284168
        2.489372883824035
       -1.370100354932566
        3.242139751108140
        3.765743277705719
       -0.093889608323279
        4.095943085339911
        1.108666531126806
       -6.122746052820983
        1.869934823466080
        2.133539889926032
        0.278015459315059
        1.612104785611599
        3.881176048505207
        1.730854269177802
        0.613692194753698
        3.558757742672599
       -2.038858100419805
       -2.052385503809750
        0.259594614693991
       -2.904981486994733
        2.917365469550134
       -1.919116563230776
       -2.538187491912169
       -6.384773557963511
       -0.222211977451745
       -2.334435999208621
       -2.043422879787509
       -1.095326953748176
        2.222329868567615
        0.638627528723069
       -2.383243655949296
        1.861777555664061
        1.973085438611657
        2.932194574606047
       -4.334630607053090
       -3.905781781821999
       -1.620311108810774
       -1.104533707285946
       -2.696582542922529
        1.096337797386512
       -0.679138833136882
       -3.846112150792727
        1.197903122034407
        1.957689710243345
        5.170336514017959
       -4.743212762510348
       -0.135666680337941
        4.943559432275601
        1.475232096805142
       -1.453323412574371
       -0.081846286075668
        0.968326173649590
       -1.349617967131834
        2.670755014649745
       -2.896271053003357
        2.188264958108538
       -0.028604938941987
        0.926266565882721
       -0.685384652725827
       -2.171519239422132
       -1.975935088435558
      -41.000000000000000
       -0.915433506844613
        1.640721845516720
       -7.280642598972459
       -0.963184265001896
        0.909782983639904
       -1.142136921482737
       -2.291765693516548
        1.251047254904434
        3.539427399980904
        1.326808591642987
        4.891981279804297
       -0.312115883656480
        2.495528976792393
        0.374404820856971
       -2.730822740696371
        0.532759986086713
       -1.406177370256522
        1.802966186159307
       -3.302822641466930
       -0.404881558809249
        3.550475573359004
        0.357321296216944
        4.865383966755469
        1.151338506097498
       -2.731460693433060
       -1.433033223828647
       -1.234729105339434
        1.694425982532699
        0.422470897938365
        1.353690153580704
        2.569825504773778
       -2.225120611744996
        1.507967643160548
        3.371803009222375
       -1.000849758132562
       -1.602756584070256
        0.521104559716448
       -1.778954633495992
        0.236115129362260
       -1.285466063399769
       -3.594467166526508
        0.268749288089382
       -2.472278288079877
        0.865838550744421
       -2.583324569535236
       -4.586076406662619
       -0.474168247711829
        1.132345670226213
       -1.818958230713650
       -0.470560008079407
        0.803972001268542
       -2.863086581630293
        0.145715606713903
       -1.934340002505288
       -3.951268696393584
        2.010557717569870
        4.294421657642152
        0.123641486706945
        4.113952500401798
        0.262763962665900
       -2.808795831257633
       -0.096833503305349
       -4.404488236874123
        1.167657252900074
       -0.666169394090207
        0.668812724965163
       -3.043457582800577
        0.931554133687096
       -1.582003568793259
        4.445909117060935
       -0.250537720241598
        1.246910512897823
       -2.878860145034143
       -1.072278011402202
        0.693172577333506
        3.159888155661883
        0.620327607927524
       -0.388263708771608
       -0.387507966464715
        0.551363416958542
        1.267946502819794
        2.059974986299369
       -2.492774967183977
        0.806520774435798
       -0.450250373029063
       -0.182510558857019
        2.966624133700293
       -2.430696030618239
       -0.782815829889171
       15.000000000000000
        3.085985639653312
       -1.392890891031963
        2.721074448251293
       -2.097757166048081
        0.848183164345696
       -1.568256039393653
       -0.705618860494966
       -4.687686683612974
       -2.036855141772121
        0.260059554250771
        0.942461256236773
       -1.374166301030140
        2.134355665144643
       -2.649085005307461
       -0.578032478918981
       -1.510280206229366
       -3.303774537632914
        1.527251642235599
       -0.285107942750810
       -0.341045582217299
       -2.580372072280999
       -1.964190448163304
       -1.437525128998036
       -0.602003281494515
       -2.033310621521428
        2.515080060612088
        1.052426095916331
       -0.278754926465173
       -0.700051025318584
       -1.444499641327822
       -3.773620288812940
       -4.103448045878499
        3.645185277451965
        0.721365316817117
       -3.733083449979611
        1.244579229941794
       -2.371570926755173
       -4.917271072955962
        5.901094355007834
       -3.938450490239939
        1.589731918697630
       -0.307736593207050
       -1.003558500693462
        2.487710203618211
        2.610610371867594
        0.803408132164344
       -3.122161716965217
       -4.886825153713477
        2.441638399500587
       -0.848671994281489
        0.579425009621671
       -3.119689033896164
        2.248194715324422
       -2.227487678103481
       -6.215728330316065
       -2.710391545527443
        0.531021406068527
       -0.648818708959010
        0.178140339847739
        1.263196477525968
        3.065113884191711
       -0.453134394881186
       -2.771999256433611
        0.215845303034930
        4.584470526569048
        3.332059552708724
       -0.516068319571860
        0.351283466033878
       -2.303867085827238
       -1.684199621679523
       -2.921591527321329
       -0.587660722659911
        0.392554411516998
        3.579976713124205
        2.706762210366977
       -0.857380261859826
       -0.235909753172614
        1.363740901711188
        2.493925402259676
       -1.585739777608481
        0.212231748829669
        1.367470461726550
       -1.725251477003065
        1.388438568177096
       -0.812288406958286
       -2.811510197126935
        0.659596986708309
       -2.009827415114415
        0.388112319182603
       -2.325820724529107
        1.780141082563199
       -1.635000697879191
        3.485719533470202
       -1.081486573012612
       -0.070220014481338
        0.095025086929512
       -5.270400323922866
        1.538908126670758
        2.327832498282698
       -1.872975445655982
       -5.083098001715990
        3.252496208704592
        2.005440355677758
        1.317453295840925
       -0.247741718725605
        3.554162075866248
       -1.188275185204704
        2.541791055012663
        3.706113231766149
        2.861832732415289
        1.300566138978688
        0.971365459631947
       -0.114587046439533
        4.331853385981593
       -2.147208832808962
        0.658203088639971
        2.164958623347856
        0.384612141149189
       -0.210468345321817
       -0.831132194593094
       -1.592051410474251
       -1.376132380814629
       -0.704466283576144
       -0.233272837424273
       -1.773807245464532
        6.561836231462461
       -1.380293482776321
       -0.330032229484217
       -0.565519353797786
        1.180177686655423
        1.859235726105077
        2.838610939673123
        1.503459609138971
       -1.430988221638274
        1.701468179058056
        3.040143588541328
        0.162454826341548
        2.255537299006629
        2.943722924025223
        0.864186950773543
       -4.529078092015681
       -8.000000000000000
       -1.770739970431217
       -1.543363566621838
       -1.174154873783931
       -2.376380320194291
       -4.677650850908069
        2.976460523786142
        2.895717121592434
       -1.693765940666068
        1.726309955407612
       -1.234128351850449
        0.484768631907766
        2.121650880058999
        3.320967460271219
       -4.926631970954042
       -1.710988087409891
        0.413380567802548
        2.212518023432901
        1.197060169040438
        1.116422073378273
       -0.930678121653337
       -1.926664029779150
        0.615321121843583
       -0.168995382607270
       -1.711460517047497
       -5.198850364883736
        2.256812073591550
        1.071822709217128
        0.845924546064160
       -1.487263769551561
       -6.030152050233429
        0.530674803521393
        1.763920180032180
        3.282940328565739
       -2.553827069746635
        1.850296245462580
        3.793915331593213
       -2.375925646995504
       -2.959462350552104
        0.303023023968181
        2.406185922503550
       -0.399137933224057
        1.851948217674681
        1.592810127087247
        5.260426537549087
        0.354950170757692
       -3.754992495028062
       -3.926443430064389
       -1.900343794042534
       -1.047112925691230
        0.001551727303323
        0.075041373738517
        3.232535324388087
       -1.728500780251215
        0.434949103959195
        0.151470027116105
        2.867578602214801
       -3.562210149188383
       -2.776373538998675
        3.300357367511396
       -4.795687084040275
       -2.308907322227037
       -0.148242517790288
       -2.002707361114268
       -3.604410243859022
       -0.575643766949339
        2.201005253177860
        1.437136679127927
        1.877203340430346
       -0.621975646192482
        1.351833719917735
        4.444823236025419
       -1.611989469277846
       -1.648231533985130
       -3.469484768126702
       -2.824216115890404
        0.252002292388423
       -2.174425458836663
        0.934797993048808
        0.860964852186540
       -0.945205596715897
       -1.420391915995484
       -2.401468169465093
       -2.562443429128971
       -0.945761077502343
       -0.124937389356505
        3.110888455621442
        2.534073038863438
       -2.127216689659426
       -2.376927143797969
        2.474618743397185
       -0.695974383443716
       -1.158452527804400
       -0.510688959667816
       -5.139357127791277
       -1.281354675220436
       -1.183872107950790
        0.142510033909949
        2.274488255421547
       -2.790953808509648
       -0.619324468841411
        4.395795275361595
        1.328608735092478
        3.856209499183096
       -3.781120426612665
        4.963677174443736
       -3.170774048465435
       -0.334575935172749
        3.888392954199251
        3.948894543328277
        0.541800523216376
        0.462060369003503
        0.879909143887581
        0.720213496151818
       -2.604494765477277
        6.221360431826356
       -0.336198104963346
       -0.889256006935020
       -1.597320313957060
       -1.782956265882478
        1.752367183752676
       -3.712830623024039
        3.194868216821285
        2.467377579839003
        1.218522575468992
       -0.518941794794561
        0.893542829633792
        2.496398934170522
       -3.541782545439366
        0.633656798164220
       -2.471150479370080
        4.321381280400278
       -6.898419106487137
        1.388737721511405
       -2.006787232473941
       -1.342191678629885
        0.050571044289350
      -47.000000000000000
        0.729418122130034
       -1.515470428639130
        4.841515088668179
       -0.926928847760346
        1.805571907119648
        4.837402512934797
        4.438822585182875
       -0.767666859209863
       -0.200175913268216
       -0.578958612131843
       -1.462742212912005
        0.029193838076639
       -3.047197566279094
       -0.475347437583385
       -1.630150269351361
        0.807345199776350
        3.749648271013235
        1.517478464828889
       -0.099911735610240
        1.432719806087691
       -0.593069872240906
        2.991608067548215
       -1.302777939639248
       -0.355134844937855
        3.279476246581627
        3.887203609502909
       -2.662437101932346
       -6.505667474907688
        0.964844898804251
       -1.330649566232456
        1.554504443978907
       -0.483150422460652
       -4.047996763262895
       -0.611322054097661
       -3.564072653467796
        3.946363794760154
       -1.182487255971487
       -2.376228879497908
        1.721714919128697
        0.309586448644199
       -5.106241314460805
       -0.314789781480568
       -2.838328735260999
       -1.700930079167858
        2.850294138399890
       -0.327825002374143
        0.187914038713422
       -0.500377337365397
        0.539185156046806
       -3.566933411488393
        3.653883670476612
       -0.063135762286441
        1.038409820371938
        0.894041960777722
        3.422309950136225
        4.158137878099490
        1.230532029524901
        2.731577547451369
        0.575356595688886
       -0.536775253096661
       -2.157005546700473
       -5.145259234544669
       -1.110503970467226
       -2.411633876129108
       -1.600401558129249
        5.249846012602581
        0.091321295160158
       -0.523716550302961
        3.783967968923916
       -2.136133810176888
       -0.730049882212338
       -0.777578413082831
       -3.640737794522452
        2.703597973689193
        3.280194256264360
       -0.531120091967065
      -21.000000000000000
        0.823843756404182
       -1.923288468547534
       -1.877714510035387
        4.894147082823690
        0.461331833038857
        3.596941542834097
        0.249067926149312
        3.478729365787286
        2.368195006925860
       -0.064990475214157
        3.860374244371448
       -1.579663881657463
       -4.466748720603440
        3.519355637522668
       -1.946934127875372
        1.678199666420620
        0.921111332726031
        0.295133463436320
       -4.346810344927618
        1.255197913348473
       -1.790253949136593
       -3.833576335079594
       -1.349816942654469
        1.515388023880900
       -5.863602068774099
       -0.864867476080149
       -3.930397056894157
       -0.421345183744044
        0.659547992969914
        0.666619592490225
        2.383831058367578
        1.568355189857928
        2.840059909301606
       -1.400804898271759
       -2.408012186855310
       -1.092855439620987
        0.126415073228633
       -2.847912546134125
       -1.377847980547309
        2.796387185728876
        0.899472704526627
       -0.961716581151426
       -0.208508178565256
       -3.496033741762225
        2.111792272194165
        2.374905040913980
       -1.770994950241089
       -5.377723654095496
        1.176553848096240
        0.977732846081330
       -2.058279494093325
        2.090249858998224
       -1.454658313888240
       -0.274169488971701
       -1.805110280953854
       -2.851792268027602
       -1.789549889218450
       -3.074408375775604
       -2.937100044776803
        3.325001403559352
       -1.061291811040900
       -3.663374229865182
        1.675181127002821
       -1.483050865126755
        1.152875902652550
        2.089396590017004
       -0.982382338324239
       -3.613901666570125
        0.178572367721862
       -3.687402041141096
       -1.936834779281421
       -1.028195448725943
        0.402834900757055
       -5.747504784319477
        4.009251255593680
        1.585162183696361
       -6.800604730643633
        1.950282541668126
       -0.591818119073954
        0.920819011834458
       -3.110501822486401
       -1.405033014079783
        3.453764319518907
        3.485497247624968
       -0.010130541198899
        3.537534910537325
        1.229944897338301
       -0.686601580252386
        0.428076612055786
      -38.000000000000000
       -3.246088805162366
       -0.146780110269007
        4.551313156957373
       -5.238162208194629
       -2.481334383770857
       -0.368432842782991
       -0.064171298204401
        1.481879457086647
        2.806828349281894
       -1.802535161118583
       -1.134950201126283
        2.094064206285730
       -0.959529710781153
        1.837792335795873
       -2.637548565321047
        4.498455055157898
       -5.338474724119976
       -1.573906587476509
        2.433548216171877
       -2.519912042172084
        1.578045034535915
        5.915635784387533
       -4.130617595029873
       -2.920130247163449
       -0.452177995704342
        2.298666744185940
       -2.960880274097599
       -1.596188837245010
        1.492136965613800
        4.892513932410626
        0.353097521321787
       -0.352922665575878
        2.679889588603065
       -1.491468105642703
        1.830933269105640
        5.360142943580140
       -0.076034410441948
       -1.665528589643371
        0.400859567343475
       -3.805460759061794
       -1.013919892783752
        2.683498459676578
       -2.970241194780520
        4.263095283391056
        1.499796494050377
        1.564592264652330
       -1.364711113808594
        0.928620074893648
       -0.139707361996444
        3.615883649260669
       -3.625591191495141
       -2.909313637404805
       19.000000000000000
        2.332083272026678
       -5.529183336781800
        0.236745084213096
        0.919567636778878
       -0.374496892587582
       -1.140894835385263
       -2.947037444680048
        0.975023982892905
       -1.044011598961713
        1.594719094314458
       -0.566727018473008
        0.071977978419654
        0.246333869666992
        0.566434601670118
        2.561889852984283
        1.709109321900625
       -3.871046295649858
        1.732390249311874
        3.855534740537888
        4.925333159987108
        0.287242935417619
        3.876228972565710
        2.216449760506550
       -0.639634258288184
        1.476543528696548
        0.687694924936173
        0.068791838755608
        0.650695321368834
        0.481862762760700
        0.324077462085440
        0.452936218280726
        1.635172733269616
       -3.587988828236890
       -6.632517708467710
