          26
        0.000000153077815
       -0.000001213445507
       -0.000023670321610
       -0.000069968357952
       -0.000201778781224
       -0.000548027114904
       -0.001410309736305
       -0.003442127391809
       -0.007916580611556
       -0.017166804869461
       -0.035051187195107
       -0.067209190216159
       -0.120654902821166
       -0.201893886248235
       -0.312764303208289
       -0.443690910088720
       -0.565203069979627
       -0.620528912849320
       -0.524000618115486
       -0.170502262960602
        0.540860561952873
        1.671106413320048
        3.203019688130952
        5.014823640839067
        6.880549908047579
        8.504064254044987
        9.580865351853092
        9.869575820673061
        9.250064845421992
        7.750498576708837
        5.538165393894882
        2.881984243236239
        0.100781032648031
       -2.489880836179345
       -4.625134614908993
       -6.128729339190397
       -6.936664566072278
       -7.099013587088927
       -6.753741856051112
       -6.075064009273762
       -5.211895247312457
       -4.241389411937948
       -3.160390894622909
       -1.921943255566068
       -0.501916781300708
        1.036803640165399
        2.517072657171597
        3.676555923566664
        4.245765580882559
        4.043369894780254
        3.046911876135308
        1.407546000472178
       -0.597044891470685
       -2.649046414370415
       -4.477730472635656
       -5.912868019660868
       -6.890972289317926
       -7.425714662361295
       -7.569231519021022
       -7.388461981893415
       -6.964447636090817
       -6.404007935400827
       -5.843885870475121
       -5.432480877731256
       -5.289796088843913
       -5.461630007345268
       -5.890861552788077
       -6.422519547387506
       -6.844086249693810
       -6.946162114162897
       -6.580353490246070
       -5.693841452738257
       -4.331747204486349
       -2.612184320661646
       -0.687828971495586
        1.290589290778307
        3.197914532996522
        4.941403081175684
        6.453185394536082
        7.675771871300338
        8.550672248548850
        9.019744254568367
        9.043521591742106
        8.631510622115856
        7.869356477424189
        6.924187116351810
        6.016042174609073
        5.359165662523813
        5.094161976743822
        5.240653062751065
        5.693748753919900
        6.268505136000167
        6.774528401394066
        7.088568914532284
        7.193956853013915
        7.170815309017489
        7.142566996264242
        7.202659814150544
        7.353292160691468
        7.482962086277998
        7.394454007293836
        6.875392648642959
        5.786673432569135
        4.136238099779949
        2.109411297834432
        0.041409165704486
       -1.662409542817224
       -2.634577700323687
       -2.647905244697085
       -1.679894752339840
        0.080312524788349
        2.283338872294185
        4.511803834664103
        6.384460598562525
        7.641637349241481
        8.189551407077053
        8.095201159762240
        7.538576647310331
        6.740725948941940
        5.891249507045190
        5.096724649286436
        4.364148468278274
        3.621513863810168
        2.766045398675627
        1.721461133780632
        0.482902733820435
       -0.866862688744694
       -2.174838838582179
       -3.260467928009870
       -3.965726728879364
       -4.193921481589752
       -3.925864098228635
       -3.213285399361727
       -2.158415873150733
       -0.891395574114211
        0.446568927959043
        1.712474054204697
        2.766692776929870
        3.479555324551859
        3.744015178312115
        3.496113274593215
        2.740357316282309
        1.571738620037655
        0.182312592752835
       -1.158644420053887
       -2.154339761104461
       -2.551114945473870
       -2.209657952190434
       -1.151626473281001
        0.437540814836727
        2.254720408308371
        3.961732954803525
        5.278808750997356
        6.058496580187110
        6.316102786888518
        6.207708515237640
        5.965154146869023
        5.812264392519605
        5.891846636183552
        6.227198734350126
        6.727249562472181
        7.228362864831422
        7.553721506942386
        7.568290645020570
        7.212352795988952
        6.506997119697806
        5.535381614893263
        4.410466481910950
        3.242185879550374
        2.113849245963507
        1.072630961720025
        0.133062140842093
       -0.711527149398552
       -1.475575435897750
       -2.170969465278088
       -2.801150833279030
       -3.358700868845491
       -3.824121093301631
       -4.165254313371844
       -4.339495853806818
       -4.302322096369793
       -4.023626633021667
       -3.508356346105984
       -2.812853145972965
       -2.046612626155178
       -1.353240340541458
       -0.873226547103401
       -0.700153998518639
       -0.847230000224305
       -1.239015748362021
       -1.734796082215157
       -2.177816377049145
       -2.453252734275954
       -2.531962736332911
       -2.480222369704928
       -2.427344456347057
       -2.500949938324296
       -2.755480792741164
       -3.126236107148404
       -3.433303089658293
       -3.439628754019750
       -2.943089499126727
       -1.866203896074377
       -0.306400837733394
        1.474632762153562
        3.119526684746563
        4.277164931679533
        4.703256015747966
        4.328619647759963
        3.278255725917876
        1.840623800848708
        0.398494968634334
       -0.660972992898146
       -1.038384329284585
       -0.598473084585595
        0.586472342041155
        2.240314205243544
        3.939775071053183
        5.215836982562738
        5.674960716566333
        5.104852444596843
        3.532106274381438
        1.216328306282232
       -1.410808581916122
       -3.834086710138319
       -5.540089049169615
       -6.082053213040457
       -5.126966871735458
       -2.500303263946575
        1.760976856223271
        7.357243401368123
       13.708121338293422
       20.003733818788632
       25.340516600850169
       28.917527550382175
       30.232339614492421
       29.204068907441261
       26.173873606324818
       21.781728180696515
       16.767579323394123
       11.772004580441982
        7.204448336932940
        3.212742525844372
       -0.255423090289190
       -3.340526303232272
       -6.159850946176033
       -8.736283500924376
      -10.982602818073630
      -12.732809144373874
      -13.797558652852622
      -14.018947890489057
      -13.308302788170767
      -11.662966931210864
       -9.167461361650398
       -5.987340453637849
       -2.360556669244044
        1.415343637045352
        5.005632225283970
        8.074656599089856
       10.333378861497801
       11.587801828417431
       11.773568028519696
       10.964854874698975
        9.353955311105553
        7.208850851395600
        4.822487515409385
        2.467619395317251
        0.365615597937927
       -1.329084204060667
       -2.531317481474078
       -3.217480737529931
       -3.410089593940785
       -3.157619806865885
       -2.515514191709674
       -1.535898089177630
       -0.271793899819532
        1.205760755216174
        2.787874960485276
        4.320041479796404
        5.617466136405175
        6.503474449191410
        6.857834804798183
        6.655157342032993
        5.976110913277090
        4.985934012666827
        3.888546588408860
        2.873884927904868
        2.076689606600913
        1.557976047737733
        1.310046995587876
        1.277617847731730
        1.384165337615208
        1.554099920696307
        1.725405083792097
        1.851910226707741
        1.898097415556449
        1.832151195166601
        1.623894736754573
        1.252883667952294
        0.726574882681445
        0.101181541980454
       -0.508401505336756
       -0.942841174314794
       -1.041386580812275
       -0.702954391347860
        0.058062413930238
        1.089238549851503
        2.127320244796787
        2.871289907904124
        3.075512431342378
        2.626885245077896
        1.576072118553608
        0.113445138736337
       -1.495611130784627
       -2.985601500876066
       -4.145045603451305
       -4.832124673163674
       -4.953987709897547
       -4.428464292469343
       -3.154763472532268
       -1.016430039238547
        2.073388334968949
        6.093248336714384
       10.830006070423085
       15.832027583029442
       20.436506903929899
       23.885620011972236
       25.508880692228601
       24.914049640480666
       22.115431822218472
       17.547136221353430
       11.954110027208467
        6.203099340712134
        1.084435060703055
       -2.830452687577293
       -5.245293595473260
       -6.119622751933431
       -5.610228630044254
       -4.009290052581777
       -1.695312034326495
        0.909316551505127
        3.389477030229560
        5.403693253100702
        6.753352106942021
        7.427670888391702
        7.597819783435438
        7.551377555501328
        7.584399766437250
        7.889326579460344
        8.481178722828123
        9.189811789692344
        9.719032330296686
        9.746868644977559
        9.027239532328833
        7.457125577265224
        5.091621736408196
        2.113173287597248
       -1.222387447620857
       -4.635803312130733
       -7.854059232492879
      -10.619825759725375
      -12.694761417773533
      -13.873261450930347
      -14.014926076541373
      -13.089250180872254
      -11.214362412626880
       -8.669003443755985
       -5.864667677800627
       -3.278248265475782
       -1.359184673067793
       -0.433809068612554
       -0.631515248430597
       -1.852929282818096
       -3.789803319991871
       -5.993144472986514
       -7.972547934327737
       -9.300599419299234
       -9.696064552976763
       -9.066408631947265
       -7.504977962640995
       -5.250303560314920
       -2.623519883463009
        0.038782529872865
        2.443039613056342
        4.380801769361041
        5.751352036256948
        6.563716128067480
        6.917043820156008
        6.958790972309833
        6.822337556171698
        6.552725562982751
        6.038744073142678
        4.979188277328749
        2.912694658668584
       -0.671612598838915
       -6.153234673975398
      -13.575906383580879
      -22.494318330038396
      -31.948262556351715
      -40.605759727936963
      -47.053974721037264
      -50.152178685386801
      -49.327082966562656
      -44.707923182461876
      -37.061543151591351
      -27.565809600237348
      -17.515345498779016
       -8.061991271609291
       -0.056513187686722
        5.997588091837254
        9.911941894498288
       11.751039894186640
       11.774542022391469
       10.392556876653918
        8.122350344740966
        5.530506336569345
        3.155019877470104
        1.417802929444404
        0.550238177328060
        0.556695442895711
        1.232334596405698
        2.235600930258300
        3.196868493206896
        3.830792604994289
        4.015771968081196
        3.813889867658347
        3.425791740225524
        3.099496112023423
        3.029343503979621
        3.282529107479433
        3.778126506481024
        4.319706973081221
        4.663372599502535
        4.593129456039667
        3.978080017294530
        2.797500171455365
        1.133341812907916
       -0.860454736074633
       -2.998074665798984
       -5.098683467846159
       -7.011664389092217
       -8.627588305082977
       -9.877607663403948
      -10.727353328740739
      -11.171807032462162
      -11.234273960383184
      -10.967640279113574
      -10.451259852779369
       -9.776967919543781
       -9.022705446804769
       -8.221806933063451
       -7.343639832413453
       -6.301653820428702
       -4.995171115799774
       -3.374184283791140
       -1.500550694711668
        0.425998061370227
        2.097965694611432
        3.183717751619723
        3.436723293913274
        2.787995998783282
        1.383855262752596
       -0.447156692215927
       -2.285833587626275
       -3.738143602736151
       -4.535060203798592
       -4.586230572918184
       -3.977020884180710
       -2.918249622019634
       -1.670376534040916
       -0.467844561988753
        0.534816468386779
        1.282673067500715
        1.804967063473566
        2.174932476918826
        2.462655133700695
        2.699879005868797
        2.869425597527555
        2.921569959240867
        2.809619533878784
        2.530973332288239
        2.158857240556664
        1.852915627491732
        1.840935275468556
        2.369940052860578
        3.632945951400668
        5.687605928993854
        8.392260906228897
       11.387502727932143
       14.142420886196978
       16.064524169201462
       16.647450401142464
       15.611878838886973
       12.992907942667557
        9.143008891248348
        4.648465487718293
        0.185764459771837
       -3.637588148190658
       -6.412141797468270
       -7.992787493909202
       -8.491270959876859
       -8.205958004700046
       -7.516467268092358
       -6.777433099101099
       -6.241460778607613
       -6.027246519568149
       -6.130946940286774
       -6.464517344393227
       -6.899390656676280
       -7.300212325396140
       -7.545202820374382
       -7.539981569192471
       -7.233529357016292
       -6.637543159406744
       -5.840291765114977
       -5.000942167794592
       -4.315779881978225
       -3.962085473631145
       -4.039555079934525
       -4.534532874396561
       -5.324001923524335
       -6.217763146585415
       -7.019082177511224
       -7.576673999332407
       -7.807792849469826
       -7.689519877124723
       -7.232037207403446
       -6.455051711809214
       -5.382737858132323
       -4.058826825332406
       -2.569783175473281
       -1.058228394343605
        0.286997411178879
        1.265872828408138
        1.716218727340171
        1.557260277909001
        0.809013099220687
       -0.421054523695287
       -1.977698257980101
       -3.704332590688808
       -5.473380800147954
       -7.186655947069506
       -8.749622814041638
      -10.039701032060057
      -10.893949854350460
      -11.131385730789258
      -10.605300199050083
       -9.262630208749988
       -7.181782152757664
       -4.570760911399529
       -1.727268615519625
        1.020430599365234
        3.368435961630679
        5.073798657236668
        5.974142526242034
        6.001609380226693
        5.199841732536933
        3.739944100729573
        1.919132974123026
        0.123879469269629
       -1.246478846250622
       -1.878616238064584
       -1.632303209493647
       -0.580820951565946
        1.013030116067085
        2.776685778813481
        4.332287703922670
        5.387962076695431
        5.788266218017918
        5.516565546335529
        4.661848046174394
        3.372459592774574
        1.817154450938810
        0.163236994847963
       -1.430442989742969
       -2.815282731857019
       -3.859903225343387
       -4.467103535529795
       -4.597523397280956
       -4.290176493849988
       -3.667964099044964
       -2.919952185306811
       -2.260521104103517
       -1.874800408829025
       -1.866730092707676
       -2.226731175184030
       -2.830043664581928
       -3.466529827325699
       -3.892502935102601
       -3.888719991907121
       -3.308437030522768
       -2.104259531049686
       -0.330268614859221
        1.876855880079326
        4.328751317812833
        6.818388854388988
        9.147289923193993
       11.143732274845298
       12.673228088214298
       13.644693810794708
       14.014649892390057
       13.788611812767885
       13.016682483264404
       11.781487924212364
       10.180751304766973
        8.311433951487874
        6.263363354315849
        4.125943740478768
        2.003797456784087
        0.030094413319213
       -1.634713628173742
       -2.825144389112279
       -3.408858622009949
       -3.325990728074389
       -2.611548956275764
       -1.389069292993543
        0.163414296215839
        1.861732823749699
        3.558840252762553
        5.166855046316696
        6.651880625936007
        8.006471083280333
        9.211444898137959
       10.200519571124040
       10.839669138292587
       10.930370481378063
       10.242258598319172
        8.574283295033620
        5.832856317314392
        2.103990826709293
       -2.309554709799881
       -6.909373650224074
      -11.085818706684947
      -14.246531814319551
      -15.951434876519741
      -16.012124200478524
      -14.526553394953069
      -11.842588491803006
       -8.466916872136997
       -4.949478669063892
       -1.774848109009217
        0.716176248540736
        2.363881125017223
        3.185667958297674
        3.337872466471800
        3.054464083787124
        2.576226256460130
        2.086548144185070
        1.669870094214437
        1.304735411664937
        0.893481017034646
        0.317703562674332
       -0.501969251912981
       -1.565223626210251
       -2.785526317210926
       -4.017144794688560
       -5.100453182238909
       -5.903808951420459
       -6.345517527375493
       -6.392631012150712
       -6.046760707282142
       -5.332449726291397
       -4.297995857780845
       -3.025763413647180
       -1.638044577190233
       -0.283467524020759
        0.899813423659208
        1.831240561260621
        2.520174990817342
        3.060192476345660
        3.579215553850049
        4.162738923463012
        4.785704373413319
        5.290016156560907
        5.427202918420473
        4.956018668866865
        3.757186827985527
        1.915134127603323
       -0.273009030890914
       -2.371542901061159
       -3.938697277179056
       -4.667953853739620
       -4.485292194076799
       -3.568761075476850
       -2.288344438942731
       -1.093211523484939
       -0.388102871791943
       -0.436632713569736
       -1.312874199868880
       -2.902505614463743
       -4.940832847104786
       -7.070522259435547
       -8.905052432179733
      -10.090304222893851
      -10.360900575810605
       -9.588200274945663
       -7.813711213318370
       -5.258771563238064
       -2.301681380032471
        0.581098015420663
        2.903212990728349
        4.269091426296992
        4.462247195001853
        3.495725420784010
        1.606939158794563
       -0.805565996769212
       -3.287120539378884
       -5.441770570748489
       -7.019713512263299
       -7.948924808004414
       -8.304085119847590
       -8.231379950657773
       -7.865562451248725
       -7.277113673535187
       -6.470666348786375
       -5.429849895232350
       -4.180692092796161
       -2.837819930165419
       -1.607613016323325
       -0.743911638493903
       -0.473587677735373
       -0.921157277421476
       -2.059429843980606
       -3.701518191098510
       -5.534542483733808
       -7.184016730285156
       -8.291659515684277
       -8.588742028342772
       -7.949470933226827
       -6.413562865365387
       -4.173705769851975
       -1.530648268437699
        1.173892564898774
        3.630887312954417
        5.626114303909772
        7.074376685123339
        8.016383922120928
        8.579944835186231
        8.919361875627702
        9.154909699554382
        9.333975391532451
        9.425404988056748
        9.344558702385589
        8.994380611056465
        8.305107252879882
        7.260928607535373
        5.910813923812747
        4.367975788503481
        2.800251578469192
        1.410935405597639
        0.406455692878985
       -0.048143593806069
        0.123643156484150
        0.877252753731665
        2.045551599368348
        3.373675184996090
        4.578699743316038
        5.408865117453332
        5.675008487839450
        5.239194693726883
        3.968384858896575
        1.684246055710451
       -1.848023849239100
       -6.858101561701014
      -13.433253790898775
      -21.346176839334362
      -29.925010472788891
      -38.050507081693631
      -44.330180693308044
      -47.429753145880433
      -46.465446048228287
      -41.316095040298173
      -32.728632674108162
      -22.163477794708868
      -11.425768967405631
       -2.208383930628226
        4.302255324004421
        7.642690762673540
        8.070989944663655
        6.383399187899638
        3.633419459818384
        0.846843320833418
       -1.195414796994424
       -2.070655630250411
       -1.722163406258131
       -0.384236312906095
        1.539383286628272
        3.604509267963550
        5.429545530843591
        6.752127560396041
        7.437085223797042
        7.449839977625222
        6.818890743035251
        5.608586137328679
        3.911714616818244
        1.856205780274651
       -0.388859990105758
       -2.621300809925209
       -4.632465391770870
       -6.243811304544760
       -7.340885820033801
       -7.893061070557787
       -7.955393396962997
       -7.654925196902021
       -7.165735015209907
       -6.675716804868435
       -6.347571937308751
       -6.279646063681874
       -6.477432255491777
       -6.848454497366020
       -7.227926006795209
       -7.430254505186176
       -7.308168324727831
       -6.795353237231147
       -5.913985414905173
       -4.744604706582849
       -3.374050391294175
       -1.848054760255612
       -0.153425715319638
        1.759096688380061
        3.919472366678460
        6.273890534346958
        8.640590757180480
       10.709245700435183
       12.093116924298414
       12.424302861851297
       11.466890435491633
        9.213107554627626
        5.928079358716458
        2.121310044224866
       -1.556007577660131
       -4.463726675122460
       -6.132180168337934
       -6.379535523526028
       -5.350365200644036
       -3.465888551877776
       -1.306754299899389
        0.529126314175735
        1.548341103107652
        1.435034749670706
        0.073461894520545
       -2.460220958317354
       -5.912710380582268
       -9.864698511985265
      -13.750519925719894
      -16.911145364589288
      -18.697683114527631
      -18.615265782264835
      -16.466425041681763
      -12.437953974967154
       -7.088898658434758
       -1.233026601028900
        4.249403683160735
        8.610264787443192
       11.382604031736163
       12.442953049874907
       11.981870109788934
       10.404652169688910
        8.198964139310471
        5.807706375477103
        3.537735286098568
        1.521866394671537
       -0.264170648365536
       -1.943030949224970
       -3.658663266239595
       -5.506258912544792
       -7.487842713520172
       -9.500407531975538
      -11.352550124731039
      -12.800221729582162
      -13.593071434587133
      -13.526163575340648
      -12.492520509252460
      -10.528510626294906
       -7.838198635536869
       -4.781318089152280
       -1.815844193029980
        0.598108198687689
        2.109115211916829
        2.564947968654791
        2.050045019811098
        0.854307699958117
       -0.617849561859088
       -1.966962528580347
       -2.905838501658442
       -3.320533118428475
       -3.270213140059497
       -2.934523578848732
       -2.533824726498883
       -2.252806626057493
       -2.191413386733522
       -2.353363565758950
       -2.669145059991120
       -3.040757263009900
       -3.391083942124532
       -3.700918899378695
       -4.020711594615167
       -4.451632296705353
       -5.100802685735413
       -6.026267752863785
       -7.193222456843806
       -8.460523812688891
       -9.606242359821213
      -10.385289350548955
      -10.599933666004132
      -10.159451005492443
       -9.110551304897291
       -7.631680109357628
       -5.995760596607790
       -4.513095501633377
       -3.467889881839866
       -3.060384263657270
       -3.364795169376317
       -4.312304084765880
       -5.704611305039275
       -7.258801175133718
       -8.673969342680946
       -9.701716811012073
      -10.198358213909259
      -10.141546050090863
       -9.605930505687263
       -8.708136616751876
       -7.543890701209893
       -6.144951727337454
       -4.478068493025993
       -2.494140167363899
       -0.216066105570007
        2.165936511454295
        4.235087766216907
        5.367645507785681
        4.853947481322083
        2.107277093789014
       -3.096315744372644
      -10.434639270108260
      -18.998776193698045
      -27.440695929550959
      -34.284463666744031
      -38.306178260254157
      -38.852659340352560
      -35.988503579340758
      -30.428489623645369
      -23.295505668281894
      -15.803899587544965
       -8.979522101235435
       -3.492980454840794
        0.374434396016138
        2.662739246866351
        3.617484800089803
        3.576670798635006
        2.889240401937641
        1.870214719517066
        0.781005667167369
       -0.180903055775644
       -0.892680414016564
       -1.316405147077552
       -1.499014141471072
       -1.551274832034752
       -1.603036061642688
       -1.745830117786393
       -1.984437787944159
       -2.219983016861309
       -2.275580578193249
       -1.957417885009401
       -1.127911844181036
        0.237626543862518
        2.030920893419139
        4.032030425559793
        5.959186276733756
        7.528176780767630
        8.504275279500879
        8.739306898665959
        8.194483156729333
        6.951386373825708
        5.209100060142182
        3.260773323692835
        1.444202339711916
        0.071190270130415
       -0.645964585601832
       -0.643850164177112
       -0.010333667277458
        1.065038823721841
        2.374280957980858
        3.771515674679554
        5.213389457195037
        6.738862010681594
        8.396473839062560
       10.154496897349931
       11.840874120232113
       13.149241216861688
       13.718010479948733
       13.254710909182357
       11.654747477341049
        9.063775943248157
        5.856682636954742
        2.541230094657700
       -0.375759161010172
       -2.510715945425315
       -3.675188273462427
       -3.882009008641995
       -3.295601592933524
       -2.152253058676314
       -0.680165494658844
        0.956884932977926
        2.679876289700542
        4.478380128634528
        6.367911441171771
        8.338470650675113
       10.314830259053268
       12.145542987720916
       13.627564812651343
       14.558690769974721
       14.797530705012464
       14.305929642928531
       13.155498158482295
       11.495457310158727
        9.496745258786275
        7.298146701388760
        4.979188544985287
        2.571658630458052
        0.102114582349383
       -2.357687458869426
       -4.660820011066697
       -6.595286368811213
       -7.934779482814918
       -8.510639621288540
       -8.274381206760761
       -7.323436843510344
       -5.879088692297023
       -4.226066117981263
       -2.638344069112761
       -1.318224887962974
       -0.366645551535646
        0.212316068459917
        0.482680452373036
        0.539250286464444
        0.475519258760205
        0.364292258674167
        0.251484472935546
        0.159283887301202
        0.093510774073464
        0.051209564772038
        0.026274517769929
        0.012667646998797
        0.005751595890127
        0.002463911729428
        0.000997109238552
        0.000381613066565
        0.000138414774186
        0.000048460011172
        0.000013451636230
