          51
        0.000944369734376
       -0.004605278147985
        0.008547500749458
        0.000618844148590
       -0.025390750758344
        0.036127705297010
       -0.000864818211092
       -0.044470495328708
        0.036464176448189
       -0.015981151327446
        0.009515103526182
       -0.011924562817961
       -0.033014119258780
        0.022473918032409
        0.093508512695566
       -0.013250556776235
       -0.074394621572168
        0.027126809367431
        0.101452994323296
       -0.068811971436702
       -0.136827898639751
        0.021741804969281
        0.189840810893543
        0.006433419294552
       -0.205477274820865
       -0.103644932740110
        0.184607702695189
        0.159049999424269
       -0.119908022603340
       -0.113142154388697
        0.043420535471114
        0.113655409228613
       -0.115730337044170
       -0.162126685550902
        0.131275911575131
        0.156079636171540
        0.041718655919226
       -0.086561429332619
       -0.120763435626031
       -0.064777171310652
        0.051072081414759
        0.186267057760915
        0.131767270161390
       -0.063664072570418
       -0.344258514589683
       -0.104323842002486
        0.373439944778283
        0.364746341231466
       -0.263263340909020
       -0.851024290113912
       -1.014868455487289
       -0.022424749540846
        1.147030972528228
        1.307051836212850
        1.285037814417365
        1.601944400520097
        1.350201230934090
        0.606583728340411
       -0.132986084235654
        0.022960634861647
        0.696817528719748
        0.508796619159057
       -0.808589600797404
       -2.164079086689071
       -2.443483385265608
       -0.874237274231746
        1.841022981336664
        3.015604670518769
        0.751484310999786
       -3.095625185748531
       -4.274430989814675
       -2.016113807425199
        1.373224658706022
        2.052990200199702
        0.216491085611096
       -1.267131718353085
       -1.022706579364240
        0.798792348420079
        1.839261681096445
        0.964625206233677
        0.128357878383099
        1.041189811493268
        2.639899441813782
        2.930692095713766
        1.216029903544722
       -1.197939971664596
       -1.292653539523826
        1.084293904409378
        4.076692974006392
        4.754606782392102
        2.054550278121724
       -0.912960457723329
       -0.923521280874638
        1.638554324456663
        2.692624751480707
        0.255346083996074
       -3.091078573165987
       -3.352486894234744
       -0.891142673205422
        1.041240474922461
        0.406123935886399
       -0.294820339903936
       -0.703682504876497
       -0.222153069698379
        0.263081636849847
        0.068189541976380
       -0.687112735551068
       -0.966465792103577
       -1.030624792413619
       -0.480188138662470
        0.132613587737069
        0.831014259259973
        0.683920347019466
       -0.589021370770297
       -1.998568204375715
       -2.108047246868864
       -0.926082037853121
       -0.386854002674681
        0.325302285003090
        0.532306949348367
       -0.281512965903858
       -1.158337756418859
       -1.187105194770879
       -0.952219184717819
       -0.440892327040899
       -0.686838283919471
       -1.380234631290989
       -0.717956020906399
       -0.242765645941631
       -0.908709633836224
       -1.909768858520920
       -2.060891805123902
        0.189741173006240
        2.084326370677729
        1.933900190322959
       -0.055868431177259
       -2.488356942374786
       -3.315768059329002
       -2.186983393962464
       -1.404327001567481
       -2.132997727946304
       -3.183442738821213
       -2.740355156306578
       -0.884807510175960
        0.905192204331343
        1.525273460104017
        0.807719718916132
       -1.057135981767260
       -2.444351427211814
       -1.750165011088711
       -0.222369586867899
        0.775099792034780
        0.059039156874860
        0.539160308540886
        1.993446258911717
        2.929048883672294
        1.321356061002689
       -0.985537895721791
       -2.493465004174595
       -1.873444417473138
       -0.713343684992509
        0.326358596759405
        1.025256632290962
        0.846967156216579
        0.389819820982666
        0.422091210735744
        1.327223065894032
        2.131457279005645
        2.732659796764437
        1.098513089476910
       -0.169954375292946
        0.412407399473977
        0.963532085433485
        0.471694882615409
       -0.954983654167449
       -1.346821049689652
        0.664690140628636
        3.253273465082884
        4.328368340261250
        3.691983798067668
        2.237721685737711
        0.229268966098509
       -1.348372647237284
       -2.025338728073848
       -0.432572432711368
        0.891471340812586
        0.819132134266511
        0.397699154690599
        0.104313111639840
       -0.345659302734475
        0.541163453217223
        1.821198406076292
        3.661249045211207
        4.209797277212147
        3.274429081074231
        0.949574244718178
       -1.204711735960473
       -1.983404328754204
       -0.567895502316901
        0.974434625119528
        0.777264743388912
       -0.503461966324608
       -1.530756016609871
       -0.883164011063513
       -0.778081928437643
       -1.255768088388422
       -1.709196577233627
       -0.334395175325596
        1.758610287306851
        3.335900027230366
        3.223193011471722
        1.692786661269452
        0.343034249914808
       -1.612444246111636
       -1.252682966464363
        1.067350947558225
        2.684391455805780
        1.734235562717004
        0.169136537983263
       -0.258352156297633
        1.558754769584567
        3.167054703544864
        2.086473417226614
       -0.294028473891899
       -1.908841065078278
       -1.701456999175321
       -0.452654449647525
        0.197140103780384
        0.404191773996445
       -0.116163341506763
       -0.498032754926498
       -0.035310424651470
        1.219630187393705
        1.156804282440135
        0.205777974313605
       -0.852076005423442
       -0.560603507233282
        0.690467877246192
        0.966795537835424
       -0.290969632713882
        0.215622627981439
        1.466078082948343
        2.393818031019805
        1.156796473774136
       -0.157793290656514
       -0.887785424977835
       -0.523175366695682
       -0.363543819804136
       -0.287165032264966
       -0.047925883540984
        0.503739044838881
        1.299383715750878
        1.624464179634629
        1.220371963692742
       -0.025742074264542
       -0.535418364689008
        1.904469713597223
        6.371251711451123
       10.879348819377469
       11.263801373020897
        6.108578531846319
       -1.173862795775904
       -4.313523407777438
       -3.013887674423273
        1.006002730774497
        2.351897091663375
        0.549249027162546
       -1.000065097648985
       -0.958226646185267
       -0.359497231293517
        0.780412861376135
        1.506186923436871
        0.885644547859556
        0.239462616967558
        0.313355040690112
        1.296219761162320
        1.754409039966504
        0.161586454704775
       -1.548951395410313
       -2.047943337242486
       -0.842943704948311
        1.435225569992554
        2.054499908676917
        1.224112527449506
        1.013142673034963
        0.306737226194400
       -0.544729703017083
       -0.806964449676116
       -0.547137984307483
        0.355987717817470
        1.293912676749187
        0.616491017847693
       -0.478243856661948
       -0.843106021601898
        0.007794392495043
        1.464961309582577
        2.770619672332259
        2.769709503152399
        2.857312851634561
        2.953196215111433
        2.264110573452854
        0.471945694775570
       -1.179329882798925
       -1.133781140987935
       -0.102151622683436
        0.060495339481974
        1.023890618380243
        0.948742292010536
        2.068325811341566
        2.770621583946479
        1.933386706527671
        0.643109495010947
        0.247342638968348
       -0.465851999444681
       -0.857631138927445
       -0.543196725269809
       -0.245262080033172
       -0.249688161190534
       -1.433141335350228
       -2.038616071394244
       -1.287446829293913
        0.183366832703086
        1.170552685491543
        0.849435694587100
       -0.670374311694104
       -1.242296976378384
       -1.094211839981654
        0.084696912965228
        1.868944780440870
        2.264494150660539
        1.397506307359436
       -0.550528888042209
       -2.344471088616956
       -1.851847222691504
       -0.657985245035434
        0.048807208702499
        0.274638090311985
        0.357407691619713
        0.758005160481531
        1.265006393767521
        0.872323032545296
       -1.155497776110565
       -3.080097470765963
       -4.304194105808165
       -4.454480416409865
       -3.840115695298621
       -1.699384036197046
        1.330032753004730
        1.871040926192563
       -0.991903057888976
       -1.225413385247066
        2.858982954713952
        9.701506260417077
       12.564955796462300
        8.967105880117970
        2.889804328729042
       -0.129324842164806
       -0.739272250019894
        0.658105553931819
        0.349755237771205
       -1.018389847611616
       -1.141802639684556
       -1.299368774312370
       -0.409967158354902
        1.751896879243986
        3.396375126409275
        2.597990663837095
        0.274557892131497
       -1.961511171483153
       -1.578311026863958
       -0.115634155528596
        1.330919474361442
        1.232097329691442
       -0.293976023900768
       -1.150537190086425
       -1.263210738479756
       -0.769433552534338
       -0.448277971724792
       -0.560672264199411
       -1.403313773131003
        0.813881720338941
        3.741089237145161
        5.077873586738633
        3.777146404973792
        0.972303465150389
       -0.540382647909382
        0.762287822147528
        3.325712277571256
        3.822364913623346
        0.586517706697180
       -3.072559331009586
       -3.023381271202311
        0.083989476139323
        1.516520528766250
       -0.294956499927139
       -2.103768001295975
       -1.044596143427952
        1.428472397074074
        2.048102082459081
        0.947528065195002
        0.309767438693598
        0.503225777047192
        2.074261706504331
        1.571701712844515
        0.124712860268119
       -0.938963200323087
       -0.706055117993856
        0.151452799343133
        1.231817878498077
        1.391155218259655
        0.867814658498901
        0.353166013778889
        0.558498180077663
        1.753427376042964
        1.301988732760265
       -0.692549425870311
       -2.605040183111214
       -2.478913542441205
       -0.871416290355683
       -1.026564471972961
       -2.927330341250808
       -1.957380228745052
        1.682977784399782
        1.404969067736602
       -4.264951630315409
      -14.284953550468003
      -18.482010146924267
      -12.441844691950848
       -1.418395519807262
        4.580091070288915
        3.499901242609155
       -1.487077313376830
       -2.544395590533199
       -0.511655325150301
        0.041886775832722
       -1.214787966152784
       -2.546321890826107
       -1.885401401179948
       -0.533557531278269
        0.796815324927152
        1.763615048927306
        2.855155792531150
        2.917648209695244
        2.159252186579579
        1.299034888968094
        0.176707542332792
       -1.730420135367979
       -2.981852398338390
       -2.107780364894779
        0.077087337864441
        1.163954945950991
       -0.324091285784448
       -1.333833531098662
       -0.076698466393395
        2.467629950368746
        2.359991759512923
        0.206660963585136
       -1.613784882491245
       -1.687991875644684
       -0.847344959574684
        0.126423744304475
        0.353654304878546
        0.491195514207448
        0.416915191287444
       -0.313421797463434
       -0.005162800545349
        0.708657607774512
        0.609403034597790
       -0.932964158891991
       -2.074563489919910
       -1.238779320635103
        0.597036830215302
        1.327467027086414
       -0.112360285807426
       -0.637123596550282
       -0.704727861810397
        1.315605103277221
        1.858436506615604
        0.759619365644653
       -0.062333501361536
        0.168789505844870
        1.019912936805667
        0.409581117523430
       -0.840297011345228
       -0.991857173442895
        0.445494689426823
        2.202571507231141
        3.369874915103310
        2.556412696063944
        1.088644731647946
       -0.141269155007649
       -0.134794078693631
        0.433832880329646
        1.326879373431439
        1.624588650318401
        0.100801265712107
       -1.113127679714125
       -0.579576961187399
        1.485676495438270
        2.919108147065685
        3.034921087006751
        1.279209700598130
       -1.002385981820225
       -2.332935003396187
       -1.729723607212691
       -0.552026746031061
        0.411802398703003
       -0.151489475150356
       -1.593185521364830
       -2.153605248965050
       -2.121761758236062
       -2.413962362589473
       -2.151029613763967
       -0.147520278944171
        2.553870431247788
        5.641846186031444
        7.292929804271807
        6.316056555220257
        3.329774305930641
       -0.654524293800023
       -3.097515753740481
       -2.009657898586283
       -0.181595872018534
        0.087625494822532
        0.080040845196208
        0.341084268801865
        0.362094707253902
        0.266873971051496
       -0.521010405846653
       -1.433171861721576
       -1.508740785178247
       -0.681601559381477
       -0.479528898533204
       -0.475001141000689
       -1.434218418244427
       -2.784909033496433
       -2.739762404954263
       -0.973834528995440
        1.455861993410281
        2.126297217783758
        1.169697926765366
       -0.309550588260208
       -0.253569517756659
        1.444402895057010
        3.011004161367282
        3.457634573267228
        3.385677066583924
        2.292930257759508
        0.843812537745180
       -0.089030781183737
       -0.495001404435243
       -0.449984575582221
       -0.383466579691685
       -0.765721013146731
       -1.302990295994960
       -0.921327842881624
        0.734397622676624
        2.527850301763237
        2.113774383954478
        0.498988116594774
       -0.617347715394772
        0.139111718761797
        1.210484483128312
        0.713608938366974
       -0.572962694652460
        0.049019444241630
        1.354151846893586
        2.534406973646639
        3.100928128732619
        2.166221444889231
        0.937498336302099
       -0.781718795648317
       -2.153921357055594
       -1.915778205938409
       -1.663728340217858
       -1.780622522273120
       -2.015431665557685
       -1.364930353713703
       -0.869594834650684
       -0.845743590224743
       -0.250475003146107
        1.179812749186794
        2.749746702590755
        2.805804060039918
        0.831607220150772
       -0.790266445754696
        0.051682730188986
        1.750429412816629
        1.890882218376944
        0.121534108199512
       -1.165489180969303
       -1.569061072597606
       -1.150881153272167
       -0.150717245173155
        0.771403219917829
        1.195522044786003
        0.295446041685409
       -0.810336371302810
       -0.580248502333461
       -0.342617062374984
       -0.717149584147137
       -0.363495230475110
       -0.305246024722237
        0.117308576681353
        0.401528772507845
        0.134011278905746
       -0.552743592132174
       -1.172106766183560
       -1.172553308921351
       -0.211402868204686
       -0.178909942797645
       -1.011068545411945
       -1.242062854745200
       -0.416846182688005
        0.833226840751649
        1.433727345064653
        1.835404475129963
        1.335570783210414
       -0.042290337893746
       -0.942483633180700
       -0.010327864243379
        1.911695140050028
        2.992767145338007
        1.747621994223209
       -0.129793427737241
       -0.664830771588640
       -0.442726616780419
        0.587276790618489
        1.581992709295719
        2.822082517700437
        3.358314026363587
        2.076263487312644
        0.357722605274830
       -1.001820895652600
       -0.728941651175319
       -0.078182804082189
        0.094659689916170
        0.544709436627500
        1.542711663541695
        2.348782813388880
        1.413600251934440
       -0.485887242607077
       -0.564429642659434
        1.037349584455569
        2.422426284646917
        1.504144198339418
       -1.031174604991946
       -2.695316627208740
       -2.325270029643207
        0.045727024984217
        2.157798993549932
        0.659552800745246
       -2.975178375663688
       -4.091703647650604
       -2.427317067076615
       -0.752979494832744
       -0.677701947248636
       -2.434528757387099
       -3.745736645306238
       -3.385721875691956
       -1.799951337531184
       -0.089977445192289
        1.060917683704247
        1.161553881241616
        1.250445165263955
        0.511937896266772
       -1.221738067587012
       -4.034742774647839
       -5.435683804204928
       -3.908177391570916
       -0.202886620835670
        2.837574900301888
        3.286900270751289
        2.054940613423355
        1.107374837974902
        0.489788754733155
        0.143016200015722
       -0.398159146227158
       -1.246843742405417
       -1.681350988704821
       -1.389917645381388
        0.182110161271083
        1.184028208714835
        0.657710579015657
       -0.307787340529330
       -0.386125137155886
        1.526815226998224
        3.083695798144163
        1.914128311932700
       -0.397959982434941
       -0.486113271632462
        1.659390126880467
        3.337809892223731
        2.585916935894829
        0.267974338107024
       -1.609685105134531
       -1.131339871736373
        0.853866158755295
        2.110457350409774
        1.628058371225279
       -0.216882295112555
       -1.195884001990635
       -0.320436027855521
        0.423307747701983
       -0.555344221871565
       -2.315291110907538
       -2.233239816210073
       -0.211888259146690
        2.442996709001818
        3.132657429116534
        1.648486509294798
        0.059185291845097
       -0.051704719534882
        1.202786980352130
        2.197344967799438
        1.666502014705998
        0.071537293517395
       -1.739771685888627
       -1.937205940110744
       -1.297198382676015
       -0.676688305403786
       -0.362067005820791
       -0.441574144548213
        0.031478483615615
        0.759604356160594
        1.646317873019484
        2.310208831171337
        2.712382444356763
        1.965858833338871
        0.222463484178434
        0.214059380841491
        1.039210714314208
        1.040549930795294
       -0.318833427626089
       -2.304068106498214
       -3.424645526910382
       -3.227963570205418
       -2.365082864666505
       -1.547192868817049
       -0.196367942368013
        1.334903544693077
        2.121173936892319
        2.941821291320821
        3.354787331206353
        2.037321384357710
        0.226262432589010
       -1.462280927814845
       -0.658357610694111
       -0.710050391800451
        0.706077613581328
        1.432972172543941
        0.468885303567731
       -0.243979347824052
        0.087496840319659
        0.351052463534756
        0.158561955178243
       -0.026518838411448
        0.564125100918318
        0.617271070033780
        0.011367010449590
       -0.430109899202307
       -0.096099633760559
        0.149597215077165
       -0.567825244269443
       -0.824061958296170
        0.673157781795453
        1.604383640630658
        0.751736278407407
       -0.665195715338996
       -0.873281902420786
        0.975067510036752
        2.748295739927926
        2.447403369025778
        1.474661985083003
        1.356297114780318
        2.220028711047235
        2.528722416356231
        1.136431345327772
       -1.198443593560114
       -2.360116152652608
       -1.402191110435979
       -0.458636946444358
       -0.096296686391270
       -0.364740903470533
       -0.942231517063192
       -0.725386615302511
        0.770850864987437
        1.360354723283081
       -1.325359457116747
       -4.444462996598759
       -2.646799438513312
        3.605244859839502
        4.276771493124215
       -2.758168747960781
      -14.668877800867449
      -20.324853904771317
      -15.099538458055576
       -4.016364649541629
        2.653940942708687
        3.329413764935907
       -1.118158798774402
       -2.296174662755448
        0.328334348686738
        1.866831942083991
        0.604727766416545
       -0.129387309421872
        0.884206857686877
        1.687544790469929
        0.631600695373436
       -0.528559057972984
       -0.988366055558686
       -0.503126342127189
        0.491651756032297
        0.314116515758087
       -1.164222192375746
       -2.609646914509995
       -2.262058234790857
        0.644002057128546
        2.396558581639283
        1.857709659386046
        0.513659769384162
        0.388479765935671
        1.775288453697016
        2.837048598523552
        2.321928698029751
        0.296504471537078
        0.330490482224434
        1.447054959475054
        1.015364273816715
       -1.415711168092514
       -3.307715376781850
       -3.869591345836852
       -3.006054070141261
       -0.980693172364312
        1.167029534169295
        2.257834897970042
        1.597146702066993
        0.566975113140643
        0.453761872865925
        1.203406400195377
        2.311394686249216
        2.192986734931083
        1.739615245925961
        2.379314641493693
        0.299112490969492
       -0.791465338797934
       -0.931026756761639
       -0.635709726182540
       -1.049311356311591
       -1.376138792576967
        0.004974317240340
        1.984083473922510
        2.507257457482865
        0.832653018965630
       -1.335160081737968
       -1.172107473041251
       -0.068369095768105
        0.298579219968360
       -0.322215525874753
       -0.874230814801876
       -0.646003071934956
        0.655669853163090
        0.625383439760299
       -0.336037947070508
        0.085721045025593
        1.355368191946354
        1.794583777887112
        1.320543437701645
        0.153466244472611
       -2.597444032631529
       -5.860980458525546
       -8.537431091407825
       -9.083500535971119
       -6.943512210033759
       -2.984451664640801
       -0.747812384441204
        0.123268756926791
       -1.010014467754445
       -0.458798619814388
        1.167235922173404
        0.648886927010153
       -1.332840596921415
       -2.810491331676531
       -2.471380014479564
       -0.525327940790248
        1.943933756885826
        4.108443273800276
        4.338749650072714
        2.329003099848933
        0.303642136474593
       -0.241532450687544
       -0.422143754133799
       -1.318989623714288
       -2.867162766035108
       -2.934069892646221
       -1.202281628623950
        1.440265622291008
        2.150438187736654
        1.242562593765115
        0.593406077255850
       -0.002642835324650
       -0.034825668358963
        1.110444019049510
        2.381277346364527
        3.081758361452643
        3.295855661913151
        2.329044030788737
        1.008164568434495
        0.223505907176786
        0.153757379982380
        0.304128472698721
        0.563319972471618
        0.307039985956635
        0.349825926705307
        1.474089084954812
        0.396703373756509
        0.145390768511788
       -0.233206570664606
       -1.584386821706858
       -2.312609395014761
       -1.218106456765781
       -1.139090854682081
       -0.436380415540270
        0.453998508396353
        0.581000923932606
       -0.529577104987311
       -1.802590319460592
       -2.023715872350067
       -0.350062942386899
        1.176835319842553
        0.810143563304109
       -0.061320271211571
       -0.369414123461411
        1.495818917494034
        3.294720633190991
        3.500176528148586
        2.750896922214451
        1.950601921069392
        1.316952603423488
        0.633705150014066
        0.102285080003639
       -0.782761986092737
       -1.048923823542282
        0.404578103285985
        1.516385217675904
        1.210569640045833
        0.910350187992663
        0.559370726260568
        1.075574128409244
        1.368488707913230
        0.491244947312680
       -0.649424752755408
       -1.266340070876595
       -0.783149583199133
        0.063236714420441
       -0.568988395195561
       -2.677950370211192
       -1.456383810198304
        3.382485766838499
        3.612779021039842
       -2.188039337019973
      -12.025781105672650
      -16.643649200396567
      -11.626019529402470
       -2.653210554988959
        0.883534805353861
       -0.453315407037621
       -4.200798481752258
       -2.782663384880152
        1.394601865049935
        3.563449708130065
        2.618947586048307
        1.205650691184246
        0.981589839214053
        1.815867947423271
        0.718034800456621
       -1.848938673714429
       -2.394604332461768
       -0.532925250017229
        1.828157659256931
        1.801862822177554
       -0.016473102646842
       -1.458704851067068
       -0.032458879253227
        3.165052206869404
        3.885887208386521
        0.701008077413462
       -2.290767040567516
       -1.845959857280832
        1.082146470084808
        2.492287250719528
        0.498722680896208
       -1.801849010382739
       -1.589294056325571
        0.448343208452702
        2.591559354348647
        2.471397406971391
        1.384493342845417
        0.850548664202506
        0.293017526996891
       -1.296001538549831
       -2.287521851849192
       -0.900327823230640
        2.008064601515578
        3.755495634979582
        2.035631726401846
       -1.265404826523877
       -2.096924287225988
        0.487374567211759
        3.995665299605321
        5.128485402842216
        0.767054568218271
       -1.321920990006561
        0.485629247130646
        5.680082837460304
        8.770128658870362
        6.335898609550895
        0.717373503942781
       -2.865265604445540
       -3.453589339509563
       -1.533576257068944
       -1.003435799653289
       -1.393347798610421
       -1.301695300142910
       -0.845736881236775
       -0.351643903946668
        0.884993498874792
        1.878606572491918
        1.805476256230918
        0.436324518204344
       -1.353172289101721
       -1.843247508181875
       -0.920657504841344
       -0.240691334028298
       -0.495043850216266
       -0.941257340643878
       -0.020172686150316
        1.202584921718866
        1.314671976986529
        1.168328291341323
        0.797022264143384
        0.879842365339181
        1.376572886572815
        2.078094970932267
        2.144057981310292
        1.566041108584832
        0.147307224868717
       -1.006181946743161
       -0.954791271331250
        0.185471919124980
        0.776945623848626
        0.181798938296293
       -0.578196710759650
       -0.232446921304254
        0.586393730756617
        0.383833671379856
       -0.389736754600461
       -0.384696016658507
        0.338745671671962
        0.331816490728507
       -0.188341939564323
       -0.275899280129375
        0.099048027737049
       -0.024246258782099
        0.143001355850469
       -0.136164411788048
       -0.075876346050748
        0.160386726835893
        0.085065950220408
       -0.197669453377375
        0.040298193496103
        0.094998893106247
        0.068396586022542
       -0.128949119043617
       -0.154300739787032
        0.070150820611604
        0.166070463911694
       -0.020290568978714
       -0.098677701470860
       -0.094478766816924
        0.106311898889902
        0.076037951497263
       -0.090581056638271
       -0.033473662840283
        0.127341346576033
        0.027632784045685
       -0.068673756409549
       -0.048614698671363
        0.053543153236724
        0.043690030815148
       -0.074183207695269
        0.015458663062834
        0.001806609581937
        0.037156868702630
       -0.048513790853834
        0.016788365641721
        0.010095132430747
       -0.012258467760337
        0.004823576695449
       -0.000779458273092
