          26
      306.074229027810361
    -2652.357230759487720
     9858.318643876031274
   -19370.031853648906690
    18179.666923146465706
     1160.436941928157466
   -17722.887275102482818
     5311.725208949050284
    16624.064917132294795
    -7034.490316499664914
   -17078.365250157730770
     6298.294398519385140
    18602.870687855564029
    -3732.621309730049688
   -20177.988318974938011
     -611.853255345311482
    20950.366259404370794
     6317.684547383891186
   -20105.041339246148709
   -12473.588378715561703
    16857.139549363404512
    18215.340807062704698
   -11346.499341941380408
   -22211.838296346068091
     4007.359163382585393
    23670.451900950458366
     3981.996606541884830
   -22223.988184658141108
   -11292.542908910691040
    18186.132562424114440
    16846.789932078740094
   -12488.400891773781041
   -20042.419693121315504
     6274.098548233916517
    20931.701010183311155
     -577.054933596984483
   -20192.294885487564898
    -3686.437482926528901
    18472.962581272004172
     6450.474754681054037
   -17128.954247407222283
    -7127.938150635076454
    16781.299746825810871
     5199.797829307644861
   -17697.937133359228028
     1192.044869277626276
    18139.264599818852730
   -19345.240701407296001
     9848.946247369505727
    -2650.247754336435264
      305.854518524862385
