           1
       -1.521313082039522
       -1.106910670208211
        2.175043670898509
        1.079657259261774
        1.831802670758466
        1.787651421272759
       -1.000000000000000
        3.009801388877576
        0.181839958188992
       -1.389031744159282
       -0.057651681627349
        2.517361959707350
       -0.736775782126465
       -3.526998466386244
       -3.225622053461112
        0.867903763057462
        2.232164662457373
        2.381514578492424
       -0.757766002428014
       -1.696140052134893
       -3.885125720010414
       -2.194710252130370
        0.244786627372957
        3.065976000561354
        0.333647038692318
       -2.207914622063307
       -0.247248902308866
        0.700836043986503
        2.845498248630950
       -1.510316017324406
        0.905752647509757
        3.451900641315240
        0.289410449595708
        3.091650412963513
        1.272324558479228
       -0.246107581075966
       -1.517050580022945
        0.307731457180614
        4.139956529968769
        4.862351278926906
        3.271059531547139
       -2.673070556447490
        0.756390696402143
        0.580386509018347
        1.440102798087365
        2.015253257079594
       -0.826600753499443
       -8.346287136093073
        0.196475815464030
        4.506435656321867
       -0.705716213031329
       -3.484099255712280
        1.192635795222155
        0.240359041657909
        2.541199206869582
       -4.024094812424503
       -0.555705692175457
        0.934870067402927
        0.866388139291631
       -4.521300034543316
        1.268629906311413
        1.702289945297043
        1.462521366461005
       -2.278190272278071
       -1.219538818455610
       -2.778719127730454
       -0.882369919110473
        1.478146410743709
       -2.447837569672377
        3.441903312210858
       -3.166863825025202
        0.278134110547980
        0.437547962309421
       -4.672081443331045
        1.977857457009005
       -0.184676989139787
       -2.836097026251802
       -1.025427716306685
        1.779240730324516
       -2.208141858518602
       -2.994867497373553
        0.566832945941224
       -2.466715400886226
        3.845251350181178
        0.921326585329859
        1.494136226773676
       -4.727714073428596
       -3.339361444123961
        1.822691781083537
       -4.895958231871353
       -4.526351844337933
        1.811809808950334
       -3.407875619531027
       -3.172784460169500
        0.225130670337917
        3.649394234549093
        3.631413703222324
       -7.109829583312401
       -0.633954670906151
        0.110212691460989
        1.123981624100408
       -3.641157950272252
        1.354454443479057
        2.683622404080000
        1.134180376866014
        1.178373296040017
        3.351368742016236
       -2.375157067960794
       -1.760307822487998
       -0.523658586444628
       -2.841162209609264
       -0.259396339854181
        3.124407897736041
        1.757327461366477
       -4.161406488902341
        5.168229723246714
       -0.484705794754364
        1.155715932335880
        3.712706748131924
        2.030122128759570
       -2.361526597464727
        2.116853922599305
        0.872769686998814
       -1.199131399981654
        1.158278293468100
       -2.365646069622449
        1.175340545083641
        2.333932944271582
        3.605990663940931
        8.000000000000000
       -2.950965807991677
        1.116386207263871
        2.274079190846531
       -4.341437304131572
       -1.061074099306738
       -0.111688484003207
        3.725918734762288
        0.460776946039292
       -2.488579300044961
        0.685514857773009
       -0.600791446743460
        6.283505398926867
       -0.772498067082923
        5.447891986766476
        1.785486463690422
        4.730731719792194
       -2.680593911011326
       -5.683547156027509
        3.604602100543242
        0.199606000784951
        0.678482258758557
       -1.518992247509759
       -0.494916071821624
       -2.919313993463009
        3.566007759029681
       -5.150853916444867
       -0.111395898085113
       -2.024175932019808
        3.984182604413880
        3.532115113381682
        1.455714517318458
        1.101697823371955
        2.316678945969649
       -1.179227819594206
       -4.379626732569551
        4.327404649454328
        1.691106129967669
        0.334388877574717
        1.721242648665710
       -0.236350825500822
        0.177208510962812
        3.103672855159749
        3.890848917037008
       -1.779731271661638
       -0.764977425305260
       -1.596228912220843
       -2.311492563929082
        1.654524722631388
       -0.294396078272634
        2.382559571802599
       -4.993813703080986
        3.072209230125219
        1.882475701648014
       -0.695123859214113
       -0.377615575204149
        1.000780171950254
       -2.612167420786562
        4.541798943566778
       -3.306144934186859
        0.788027748223340
        1.342448966736886
        2.782980812126371
       -2.430083689515902
        6.159763775893224
       -2.745665338459376
       -0.142968335669726
       -2.447178478771259
        3.937624876558622
       -2.695655353269067
       -1.603209330280845
        1.132555967377863
        3.451434412813867
        2.037861516785135
       -3.212103544901839
        2.161965837637408
        1.308055682175949
        1.587300346708172
        5.339169846410495
        5.836179644640461
       22.000000000000000
       -0.716951939137542
       -1.774769463135399
       -3.221211195164697
       -0.218899385944802
       -2.335088928216970
        3.976051428314088
       -0.954628029094737
        0.657201689523970
       -1.216218330949031
       -1.511722642844841
        2.053203409861910
        0.675574987080821
        0.670631058673017
        1.622585030083667
       -0.292563989065551
       -0.401069010035609
        4.574982336415525
       -1.593213989380598
       -2.486960967108348
        2.288688318225546
       -5.385831077859023
        0.979040080041663
        6.722232119174494
       -1.783122640236245
        1.132298440075258
       -0.138509972220185
       -0.453484967252347
        0.726480843100078
        0.093950058635840
       -4.146638232359815
        4.932097684385721
        1.590491752348445
       -3.587180837598968
       -0.127054266009998
        1.050113290901381
        2.370206868981527
        1.897513993497768
        0.823844759127061
        5.009131419562293
        3.300416023043016
       -0.189819129969547
        1.924154035216165
       -0.805289610704295
       -0.225992129245359
       -3.218662103204704
        1.883739055530819
        1.992585363893547
        1.269905029505849
       -0.684036732374180
        3.725274140038375
        3.167493002045000
        0.228226200176660
        1.151504760401277
       -4.371011651925126
        2.009776502890426
        1.511280982223139
       -3.867105237139898
       -1.138531511666401
        2.864123869618854
       -3.423177822667751
       -3.028300194765412
        1.246201435392895
        2.097698492619790
       -0.926666721188938
        0.019869185768766
       -0.517292159760032
       -1.426851502537439
       -0.952024363138668
        3.825398316983362
       -0.488386229772982
        2.639317119256233
        2.784944441399754
       -6.543097053987643
       -2.139236653472940
        0.734201078003037
        2.295072972568480
       -1.604667946774368
       -1.476415480775202
        1.870222382964184
        3.047349779439838
        0.452102057487325
       -2.829390528111512
       -4.295221864881974
       -0.684570625331389
       -5.552810727204188
       -5.097138620970118
       -1.474162335711579
        2.366907819237649
        1.050130646167050
       -1.299971432605663
        1.238953439803225
        1.491984893192477
        2.007627768322678
       28.000000000000000
       -0.636600396717435
        1.001053318855684
        4.361425369268376
       -1.112747963771638
       -1.485062781237659
        2.713055043094856
       -2.240024768039300
       -1.933433603415083
        0.017775337405044
       -1.223538219777818
        3.696905647418517
       -0.291059548060375
        5.287683530401999
        1.026795108310177
       -3.993395960722427
       -1.650180383127226
        1.543254937092095
       -0.093180446951975
        2.344652041734150
       -1.551867937236362
       -0.293484482983259
       -0.967077292837212
       -2.441439517091629
        2.140373431822361
       -2.127696543221390
       -1.864897761623059
        2.643492489991926
        0.557548281456699
        8.119622162859780
        3.272928830537885
       -0.086666068401657
        0.161571232284648
        0.225114934747390
        4.590604093927565
        3.299385034829601
        1.646608275872782
       -6.489926683541416
        0.423534326471638
       -0.286163452623572
       -0.657819478115789
       -0.409538063583345
        1.035297769742534
       -2.685972135813244
        0.652976538508227
        2.499893010055305
        0.620051310992374
        0.075202125232623
        2.484646408582122
        1.044477403105213
        0.881554750069446
       -1.015194865663827
        1.177707498999651
       -0.697270770699761
       -0.039101201404910
        0.536309536814861
        0.290768877788476
        3.136613004816823
       -0.558458289934773
        1.884833718548539
       -0.573329553681766
        1.246973389923750
       -0.299506646358013
        1.434732530174134
       -7.239091660321900
       -0.984537897781245
        0.729167834708298
       -2.585275093981791
        0.333131281859571
       -3.799780611340373
        2.061477678056840
       -3.051572807149500
       -2.986466295354909
      -41.000000000000000
        1.741164511828118
       -0.264619572988824
        0.679226858151967
        2.645277236708905
       -0.810672792185215
       -1.289097460633770
       -0.064944563598436
       -1.149830870339943
       -2.008884652383101
       -1.321119693959121
       -2.550749123175134
        1.390550526563721
       -1.952674694649661
        3.877572041516560
        0.370591758737176
        6.067680460633131
       -0.654871101550996
        3.712352625325000
       -0.660785091677571
       -3.589955591342475
       -1.997564117071266
        0.527427090432881
       -1.531352421045138
       -1.939061136706924
        2.796964445145988
       -1.242838149629489
        0.446520713438918
       -0.582283676262745
        5.699508516994372
       -2.453307600385696
       -0.617336856331165
       -0.931839718815826
       -0.907574263518902
       -0.526619648155298
        0.866017173477155
       -1.762044355921328
        3.481683444096848
       -1.797793022360192
        0.227625759533530
        0.762939581669993
        0.061016980006097
        1.307784841128359
       -3.739710208791557
       -2.389511148841040
        2.387817068088555
        1.645696562596399
       -1.237935922530041
       -0.444194846107198
       -0.795944950134488
        1.257505030341599
        2.093867174392847
        0.813986302501391
        0.495833539884993
       -1.678600981452844
        1.902145879862664
        3.133158734305947
       -4.767504944297404
        1.094518244586530
       -1.821122576106891
        5.791531996231470
        1.240426362351345
        2.217596129374984
        1.470928636737256
        0.090937358642889
        1.281456179060516
       -2.228827418220230
        2.813881136371533
        1.248960450694983
        0.888609510901031
       -2.655068622281637
        1.152797245496795
        0.689692357526293
        2.250374050325497
        2.991824493934652
        4.135649696882306
       -4.446208408296269
       -1.829081859685882
       -0.043042294177379
       -1.792839907177598
        0.878067940778342
       -0.121389886251109
       -3.098532356392059
       -0.794123457711712
       -0.114101804313255
       -6.548592295985171
       -0.160642580994613
        1.268672228394233
        1.926771598682534
        0.995941179712105
       15.000000000000000
        2.867675265121882
       -0.271024360223295
        5.100480769417893
       -6.268223735534061
       -1.401151504391410
        0.092289165974806
       -0.731060292351400
        0.663901746622460
        1.896879192465498
       -1.490314335696582
       -1.500596624566138
        2.951407487936910
       -1.989138901252185
       -3.460431322803929
        0.461422685320981
       -0.740424737486666
        0.237858056106534
       -1.561085260807648
       -4.027549314584746
       -2.058341464643775
        1.102426026608854
       -0.842336989742297
        0.638992095731679
        3.662997931300525
        2.119167571620650
       -5.948569225710709
        3.109114241784565
        5.268297550852672
        3.212314203840011
        1.848740353629536
        1.267561798009020
        2.842637592742251
        1.035951339222681
       -2.367391234515422
       -2.090673876897824
        2.080096487557088
        0.510405881766817
       -2.972074224649228
       -2.030315885976662
        1.009853802106354
        4.635495195798719
        0.986243627794470
       -1.031453140897425
        0.756721929918082
       -0.126834371625043
        2.964445613794735
       -1.987444125104869
       -1.122714523881081
        4.675247364399039
       -2.762988875397436
        2.217258911813322
        5.924358137450827
        1.307722008137470
       -0.454412233963050
       -0.252778837590167
       -0.738208630936529
       -3.855067051603808
        0.337911282953981
       -4.841942652944743
        1.531225108894418
       -3.090499792675272
       -0.483132356100505
       -2.702765759712439
        2.404175711247510
        1.051264360568522
        0.186935742274487
        5.876635169453395
       -1.730461448494415
        1.225837919101634
       -1.508288768875589
        2.443159951449656
        2.616232992159692
       -1.785047324812365
        1.008299187645663
       -3.463477746167393
       -0.952967441681835
        1.585649075261258
        0.004048673434780
       -0.528433812546991
        2.436359142318394
       -1.461325750320039
        0.453725194023071
       -3.490143126970178
        1.009888192696009
        2.521318746988587
       -3.449119256049060
       -3.132379059660269
        7.693036354883882
       -2.392180102345072
       -3.621703328309552
       -0.210253696670401
        2.493066938119745
       -3.202145788844547
       -0.208779469581257
       -1.276259137658460
       -0.187030528474607
        0.098798753162882
        0.214066860982453
       -0.215241115457312
        2.903418666821064
        4.305255221802593
       -3.930051461588730
       -0.099962691371728
        1.659798210894826
       -0.313212661461095
        4.499457087866599
        2.102058207161112
       -1.813478511264706
        0.790371996061128
       -2.896732289061063
        4.200109418759787
        0.683651414498836
        0.242071778540286
        5.341027637843347
        2.383019748083460
       -0.020206862227326
       -1.095842350525352
       -1.619306789032212
        0.926853250637464
       -0.525849358498510
        1.594630945165706
        1.802136033082875
       -0.080978464371813
        2.160332178957789
        2.427424488043619
       -2.585549530622128
        0.253182924007324
        0.721613141710061
        6.979412863978010
       -3.721810743252084
       -5.415547127489487
        0.474165242149308
       -0.016596463898098
        2.566794295096189
       -1.571346203235300
       -1.966769027581312
       -1.516681297971907
       -5.969888776980366
       -0.416524532645356
        1.715920958339705
       -2.684159239242238
       -8.000000000000000
        1.293353302039455
       -2.391572391538250
       -1.381913035469341
        0.383506704601788
        2.295701229470444
        0.767832994471844
        2.919042017526150
       -4.445950516396871
       -3.203141024995621
       -5.729553824419428
       -1.780552208009653
       -1.289569646362212
        1.329644575028433
        3.565517478245714
        3.044796995767612
        2.571740573631503
       -2.366962845456995
        1.493862342101665
       -1.099144077607344
        0.015563734954000
       -2.255488508861835
       -2.729297854834762
        3.063343401634364
       -0.701595625115013
       -0.462163302137321
        1.938221037200642
       -1.382343453473707
        1.662441394819853
        2.215507288533547
        3.501086946496861
       -1.161505940097955
       -1.799182109462703
        4.204747351433635
        1.197055859274261
        3.670717682743101
        0.467550055043972
       -2.612712277010744
       -0.248681944281280
        0.110756987159962
        3.329796722498437
        1.342538546328955
       -2.173734503032992
        1.305362976442509
       -1.343848401285479
        1.367600161933662
       -3.207773152881381
       -0.762055057309254
       -1.092617047777448
       -0.867469069770455
        1.422215624219860
        2.827844378680379
        4.031515688025604
        0.092010142534062
       -3.440250237273264
        2.625417033821137
        4.332914803812790
        0.598565908189123
       -1.871642063176057
       -0.894617753058070
        0.268582296784832
       -2.517730773719036
       -2.944920277964069
        2.044930049330743
       -0.414265070275573
       -0.139224468964472
        0.335322913899651
        0.378090736779968
        4.742873216977300
        1.627725862869828
        2.205168969139445
       -1.031297666003881
        1.117047148083071
        3.621717293702827
       -4.107032229439068
        1.712061674416384
        0.599777839777165
       -5.695658711393447
       -5.729794909511101
        0.494776691999865
       -0.004617199305686
       -2.846120643808277
        1.083962681933991
        3.087579576878187
        3.823761047759496
        2.371612372792194
        1.963712044797665
       -0.932309345155784
        1.815377582495989
       -2.969531596339528
       -1.000126057831494
        0.906434198620445
        3.525446783287720
       -1.911892284266458
       -0.764839193056403
        2.943381303686833
       -0.689875444695137
       -2.812445248488280
        4.073315682455286
       -0.120958781440355
        0.023227196331908
       -1.995031149278222
        2.400469487574737
       -1.084171606924848
       -0.552516809781632
       -0.560505651672044
       -0.335263754542616
        2.960851862572258
       -1.551688255431233
       -0.392483274471340
        3.025828036870174
       -2.616437041415208
        0.603681076530694
        3.965402979660324
        1.464274322114216
        0.336022953843253
        3.651938014315830
        1.994198392978012
        0.097220144599512
        5.162323234907428
       -5.500492093305968
       -0.332360811251088
        0.060772995665606
       -1.750369479834040
       -1.227372299615048
       -0.627206988088333
        1.935322660345484
       -3.034679774232260
        2.168950784840472
        0.324271118448805
       -3.813504373177012
        0.051134324776714
       -1.512699603301300
       -1.017064055379014
        3.306117145864724
       -2.359177600471188
        1.265558812711435
      -47.000000000000000
       -0.668104310484291
       -1.771749086192862
       -0.143475085375247
        0.083392896477919
       -0.613432497971728
        2.193100931186785
       -0.907629063170688
       -1.852634755361006
        2.694934041633037
        0.804034366582408
        0.517775639177782
        1.741873466851831
       -0.741677282361309
        1.176585236501988
       -1.611789823880881
       -1.381500624756309
        2.412907844020284
       -0.392087431376492
       -3.005685048447184
       -1.095881661926774
       -1.561907308649847
       -0.356763121275125
        2.805276013232103
        1.373151694770645
        0.723338426803945
       -1.105919062144920
        6.284095730869709
       -0.553915249982784
        0.931389510445716
        2.920237960350780
       -0.495289988123369
        1.716005947984524
        0.548957608342272
       -1.593154128102702
       -1.869648449191745
       -4.931335724575102
       -3.845406423232802
       -1.056069963600416
        3.854182016851710
        1.241318603128913
       -1.289037529677153
        4.281651195363875
       -0.661223428683260
       -0.060774281218278
        4.235812860490785
        1.365834739100411
        0.296088472410949
        4.466636463014073
        1.176053980602138
       -4.228042628692968
        0.549710546630905
        0.742632711379093
       -2.742221766051296
       -0.635916841531283
        0.751948907766003
       -1.470724706582250
        6.052980603664384
        1.415689332364955
       -2.538716843280678
       -3.984999480373284
        2.277239489941425
        2.807030838740366
       -2.478351769246537
       -2.696471544712990
        0.265229148061570
        2.279965383037890
        1.297405130219772
       -4.354549812070300
        4.065688641602931
       -1.388055176924633
        2.296952005582983
        4.595356230491091
       -3.720087243178537
       -3.762699169939149
       -3.585895655905725
       -2.292460791672187
      -21.000000000000000
       -1.231195382518860
       -0.707876669590922
       -1.787538382691924
       -4.302850180318602
        3.581674329752440
       -0.832065965318519
        0.248933379157766
       -1.289409907627869
        1.496184331214817
       -1.186487461232732
       -7.674997593876284
        1.112851126373692
        5.456842688928000
        0.978035658749462
        4.495773253228383
        2.212257026429821
        1.767183421975455
       -0.407504877348701
       -1.752764825230725
       -1.079225137280356
       -2.921994381194347
       -1.284549117588225
       -1.890307865422526
       -1.775527339144224
        7.019446088379213
       -2.219217454761214
        2.769767299477053
       -0.692151563953961
       -2.476679037033565
        5.588003119425284
        0.009812465389063
        2.325764288746544
        3.991702593689029
        3.915350947284853
       -1.569721398541259
        1.096272843527006
        0.992280516439832
       -1.132269228908419
        1.492385871739159
        0.783984376479277
       -0.118464095270524
        0.107753622488887
        3.444853381882999
       -2.152266646158512
        0.284984632166528
       -0.938971059724078
       -3.709884807541466
       -0.147293394296751
       -0.740235153785820
       -2.788987405122467
        5.016689782325582
       -3.436568467572396
        1.062211639771141
       -1.005943246426262
       -4.949029813583886
        3.558494601721236
       -2.180997460078024
        1.564969716324314
        0.008962729065021
        2.305506109981760
       -1.695664996007030
        2.406927571183162
        6.209505658997251
        2.725421072509280
        0.815660621439693
        1.246493018506516
        1.489878091681374
       -1.403754401075587
        0.812353885737275
       -1.680317300508553
        1.665199439441075
       -1.383738317473811
        2.386355252675124
        2.841619371786117
       -0.885623110547613
        0.115907907559205
        2.424172235169781
        0.352835975616221
       -0.547839253895799
       -0.995476947087123
       -0.959618627733992
       -0.874478269612909
        0.065531355725383
       -2.376377188303068
       -1.756649620821690
        5.609081851950008
       -1.389844892720048
       -3.254593006090296
        3.653789421374420
      -38.000000000000000
       -0.333967462115117
       -2.724153777066437
       -1.191886057540950
        0.646890210234205
       -6.073760264121600
       -1.958396434830162
        2.850484642558521
        3.396960105676394
        1.246493234182703
       -0.375160859129776
        4.731602866425987
        1.456705703975238
       -2.460496664423774
        0.038683043865141
       -2.337108782314060
        0.143294071049030
       -0.689163855962515
        4.718432286056446
       -1.036651520076475
       -2.569839098146993
        1.404210049877077
        4.158493908510561
        1.006713224386609
        0.675167147844690
        1.260496808882861
       -3.207705805189525
       -2.791041020283100
        7.880662847090257
       -1.826985244288813
       -2.952177291214641
       -0.565968709572659
        1.695976001580870
        1.293463549605479
        2.913705505440204
        0.856396485067933
        0.580750694739192
        1.300666854586882
       -2.063510948689568
       -2.243585299157414
       -0.746898174995508
        2.032051873532707
        4.153458040962860
        2.041157184756184
       -2.101463991403064
       -1.461004414989456
        0.607769967137326
        4.674302647190596
        2.689763965702543
        3.497625498978881
       -1.599870070445279
       -0.727071194734353
        1.704935073413481
       19.000000000000000
       -0.637784593423818
       -0.662293587551527
       -0.180117849683924
       -2.056757839666376
       -3.957447135387041
        1.282811742045788
       -5.493721810727608
        1.877212063512995
        0.113921178476686
       -2.005758142471437
       -0.096131809034516
        2.579062868156302
        2.618234684713205
        1.721374077296856
       -4.591599594759161
       -0.702123962994625
       -0.383588640104950
       -0.022944221423453
       -0.185304607195171
       -1.577728201742881
       -1.564892749571611
        3.307328961829489
        1.455445755842250
        0.057455311610259
        0.846817227258762
        0.912580485565979
        3.137233910648343
       -0.824980675949875
        3.880734112246679
        1.143201648214812
        1.251081012800257
       -2.642949592675993
       -0.734930785220809
        1.256554338508984
