          26
        0.000003085427144
        0.000011691205951
        0.000029860833038
        0.000079489309239
        0.000200711704442
        0.000480728222167
        0.001089554140172
        0.002303717717322
        0.004547944813512
        0.008317696588530
        0.013940804230984
        0.021030329758467
        0.027551038171821
        0.028562055299960
        0.015102949525901
       -0.025896000723305
       -0.109439378767115
       -0.246989217522489
       -0.437632781490561
       -0.657817772103317
       -0.853738879108977
       -0.941784092566236
       -0.821332881055261
       -0.400315358265398
        0.371926123055253
        1.475028409423754
        2.803340168813020
        4.175270948894701
        5.366492647652413
        6.158559129508856
        6.388974248607878
        5.988890337860675
        4.999171634222409
        3.561965706797526
        1.890351782208905
        0.222102811612624
       -1.233326262339098
       -2.342374383926745
       -3.075255311570024
       -3.502339428755597
       -3.756456165340625
       -3.972507235005122
       -4.227829921713224
       -4.508740905710803
       -4.717811545588869
       -4.716963966317570
       -4.384608737221870
       -3.660226657082407
       -2.559430442859794
       -1.159703774713223
        0.428738909899973
        2.089628885269781
        3.715399570162481
        5.212235487902776
        6.504492613766612
        7.545486479125687
        8.332391390749676
        8.914561536361722
        9.382873785985534
        9.835863696426173
       10.331967511047731
       10.848104212997004
       11.265874556604633
       11.396350944558264
       11.037491825234570
       10.043814819388547
        8.383008127698888
        6.160222100822978
        3.603298631348361
        1.014830719196911
       -1.294426547528248
       -3.073303461838697
       -4.182083482111035
       -4.615757071581997
       -4.492781902579059
       -4.012918347414100
       -3.397413294172529
       -2.830575084430417
       -2.421108430001998
       -2.193948083047050
       -2.111762799669192
       -2.114131805405851
       -2.156505919326340
       -2.232298251713360
       -2.369606888492578
       -2.606258050590649
       -2.957048708193675
       -3.391475358563896
       -3.835040977982099
       -4.195382490878981
       -4.401331041847073
       -4.435666735007912
       -4.345309296048941
       -4.224036951733082
       -4.176202689487721
       -4.278119453291382
       -4.552841360240413
       -4.965419369964738
       -5.435630684972578
       -5.859120825185096
       -6.129185887247921
       -6.156359951633045
       -5.887978779432212
       -5.329374498528001
       -4.563011124506356
       -3.755143235226388
       -3.137872067363767
       -2.960826754993764
       -3.420303074053473
       -4.587048501387477
       -6.360386242972188
       -8.470393005700586
      -10.533684881972508
      -12.148529474694170
      -13.000254788343652
      -12.943424746040320
      -12.034435660765357
      -10.504215688246425
       -8.679751101859647
       -6.880247011427675
       -5.322867850618310
       -4.070762321251839
       -3.041417813077265
       -2.071427494155492
       -1.011204315799917
        0.189203061495108
        1.439107500317476
        2.529324114768492
        3.209686375416275
        3.291537944637086
        2.734295212054561
        1.681323425733828
        0.430843577623813
       -0.647172690480800
       -1.217178084690442
       -1.070156710467388
       -0.173329094404206
        1.332393989873272
        3.178443473761368
        5.038188584499727
        6.599515885302809
        7.626026650057242
        8.000073572219211
        7.744857992941819
        7.023154269338431
        6.108835156288531
        5.329970366618451
        4.989000551984862
        5.276209625334475
        6.201579841292448
        7.571197872144078
        9.024943954239925
       10.131819455903756
       10.516876399187311
        9.978173533489992
        8.553199296699209
        6.511821314319478
        4.281077472193419
        2.331326452962574
        1.063512045848096
        0.729010027840707
        1.394665911652142
        2.947085780208654
        5.122095661477043
        7.548578334279244
        9.803704484717697
       11.479929088970799
       12.258421718676978
       11.973725697802609
       10.648014230391121
        8.479285324742742
        5.784594804404167
        2.918890746123906
        0.200525586673948
       -2.130618891600888
       -3.914975498033523
       -5.049006530707368
       -5.460652751047152
       -5.106775142265630
       -3.997792507005310
       -2.234401881633871
       -0.029468990976653
        2.308648866946358
        4.436810342915753
        6.064827624897517
        7.036670905467813
        7.371071317423014
        7.243372500290747
        6.914948194845238
        6.637563488979707
        6.568518789917294
        6.725118983111076
        6.990111155726883
        7.161002418880615
        7.023898525176898
        6.427460548538583
        5.335919512981580
        3.846538980612407
        2.167456928798330
        0.562527070314958
       -0.719735635625385
       -1.510795619593612
       -1.760220834860515
       -1.536484726771237
       -0.993044628023273
       -0.313537919772292
        0.344368777493364
        0.889094246679288
        1.308545080661324
        1.655572145398712
        2.012441709028788
        2.446781901495012
        2.974124324618458
        3.539826627408270
        4.027704969539316
        4.293844905710448
        4.215107278889199
        3.735519037666502
        2.894016901178784
        1.823488865557961
        0.723052794134589
       -0.183210480969951
       -0.682651223875755
       -0.591499337220062
        0.247461247417978
        1.972366887615409
        4.691841113813849
        8.439847440639625
       13.099906955359991
       18.329953413190236
       23.536107787271025
       27.936486896140089
       30.722646975415213
       31.278057262940816
       29.376287466084570
       25.277585966539363
       19.678193241155558
       13.526691367547141
        7.775784097605331
        3.159346669663342
        0.064976535478131
       -1.475272707948001
       -1.701654621732825
       -1.003353208989668
        0.195422292445053
        1.512816040043816
        2.649350671922406
        3.404392958946977
        3.683414805896902
        3.500515350306218
        2.970771503026208
        2.283625444763516
        1.654682979851536
        1.264569376111503
        1.203915360604224
        1.445693080855275
        1.857838642690037
        2.253119287991759
        2.457397197703295
        2.370145909541430
        1.996022490415468
        1.440186469377440
        0.875774793481670
        0.499757728227279
        0.492307868922041
        0.985995010370363
        2.042932707998738
        3.635892482467167
        5.634497434299774
        7.804649762367361
        9.832689674044275
       11.380312412184661
       12.163439416379312
       12.034171619388193
       11.037229143489887
        9.416334951358101
        7.561196547426072
        5.906720103642571
        4.814149073680268
        4.471588247817163
        4.845252426456954
        5.696015066005962
        6.653964789059494
        7.325374301502684
        7.398409521367574
        6.716996080172478
        5.305529789450854
        3.344472879562361
        1.111460128308022
       -1.090007171126800
       -2.993582312876401
       -4.411729566153572
       -5.252339737769706
       -5.513523242129950
       -5.263347847092503
       -4.611997869981146
       -3.683764848038767
       -2.596301814510301
       -1.452535440298284
       -0.345643560447223
        0.629785086967837
        1.372746980367461
        1.787848640586719
        1.815687648938682
        1.469405295394800
        0.854869974659493
        0.155061345191131
       -0.426843123496515
       -0.749458138944547
       -0.807746376200636
       -0.765077842372060
       -0.921589314876297
       -1.621767129710029
       -3.128891170502238
       -5.508257915193206
       -8.559485339331939
      -11.821991026167593
      -14.652614823109667
      -16.352140393636780
      -16.305531674872910
      -14.103602023162194
       -9.627187336330907
       -3.089110088110060
        4.964759400205700
       13.697268547202190
       22.072577293771865
       29.004719843002238
       33.550153243568055
       35.106345800168675
       33.559316988837381
       29.326271010773404
       23.268568684515586
       16.493914202309679
       10.105172593037722
        4.968427384404303
        1.561430488312880
       -0.066912263752983
       -0.230720138394411
        0.532814058328293
        1.630742180413764
        2.562029507118034
        3.010071607890054
        2.865270162268474
        2.186473892504420
        1.129614274475420
       -0.121268827355212
       -1.393778166183045
       -2.530850161474350
       -3.372344094413567
       -3.740229883029484
       -3.449436928795009
       -2.350386087168087
       -0.389484610693830
        2.339168490710759
        5.577361066063588
        8.934549014906562
       11.961306834751399
       14.240373507598690
       15.466850984634593
       15.495971782133140
       14.352433350133877
       12.209552117748176
        9.352307721884426
        6.135295178701047
        2.939546092676292
        0.127883483981332
       -2.000355656483647
       -3.249401605072638
       -3.553287435697281
       -2.980705767280668
       -1.717117852850686
       -0.028529854975748
        1.785272616514662
        3.439925915914951
        4.711497669954801
        5.471240891335110
        5.704149931996361
        5.505577664626240
        5.054202840252846
        4.563997201918204
        4.225970706867318
        4.154496007105229
        4.353823799111855
        4.715668440901097
        5.049879611244975
        5.140351035378387
        4.809539170006619
        3.970594416022476
        2.647159984250562
        0.948807466358782
       -0.995637425007925
       -3.126266405507500
       -5.525059138097574
       -8.431306776187501
      -12.170251185707892
      -16.998584570861169
      -22.913853187423644
      -29.508433106414191
      -35.951289674136305
      -41.141205026597135
      -44.003925462874356
      -43.834239440164176
      -40.549589631499956
      -34.747202807806744
      -27.533937579910059
      -20.191864025929686
      -13.807140439444664
       -8.996928745538259
       -5.819119683112710
       -3.872297052608258
       -2.524352989517545
       -1.174413486011319
        0.541098763232113
        2.653310758730035
        4.888265778823356
        6.790959875140014
        7.896963672575789
        7.895456324309740
        6.735575227624705
        4.648244178665697
        2.082123014161537
       -0.421493215005106
       -2.373494464199127
       -3.457427558313336
       -3.592975261704178
       -2.930387046207739
       -1.784938693733021
       -0.536157988000207
        0.477599655273281
        1.040569449525828
        1.098781333212846
        0.750071657839661
        0.192508361338798
       -0.350486985836014
       -0.704112991215551
       -0.792363449154248
       -0.650654182550530
       -0.399984550041235
       -0.194731948117457
       -0.163650231369901
       -0.364342174802142
       -0.764888100029368
       -1.256139261759747
       -1.687627937703931
       -1.913327550138039
       -1.832142042090006
       -1.412287505845111
       -0.695594628304516
        0.215577406214808
        1.182817134241206
        2.061684242731213
        2.732898636767389
        3.130857872592600
        3.264103574852937
        3.220673232741581
        3.151613307453674
        3.231510629799877
        3.603836173905030
        4.327950899606320
        5.347969702248839
        6.498699497876556
        7.550392180346617
        8.278503653142778
        8.534062752646333
        8.289673848096715
        7.646162594192136
        6.799847454415246
        5.983258576546897
        5.398093187448453
        5.158579241186795
        5.258389885320710
        5.568472057067811
        5.867271518447973
        5.897257305853968
        5.433469234757542
        4.343728006743799
        2.621305316293655
        0.381321391285453
       -2.171817688012970
       -4.785707061238854
       -7.188633130637222
       -9.096803511068153
      -10.210839158524541
      -10.226376520504003
       -8.881459889017561
       -6.043768329889512
       -1.812221525171335
        3.414233705472718
        8.947961012928101
       13.926616915152191
       17.510123712096419
       19.101142212353249
       18.511218504537968
       16.009385929878164
       12.233033444430164
        7.993123701055731
        4.044992244410848
        0.903828621004309
       -1.240188650119471
       -2.495506511186818
       -3.161363311090122
       -3.590869119287442
       -4.074797389760241
       -4.775101890521205
       -5.711325806923202
       -6.784855000563894
       -7.820549217797139
       -8.610740613524863
       -8.955002577653515
       -8.694235572750426
       -7.737471229135508
       -6.077356289980902
       -3.790228054878674
       -1.021155057024998
        2.038920632258785
        5.173790446457727
        8.153440062745004
       10.738535349313736
       12.688477859519447
       13.784558324791522
       13.871141665440085
       12.905116994961743
       10.993760529269640
        8.400804253101555
        5.510955565695639
        2.758274586093191
        0.537141055570312
       -0.879185465661912
       -1.390246812945530
       -1.076781695109276
       -0.164433322980054
        1.046998410896473
        2.268911204251474
        3.299708606255546
        4.068815238020451
        4.635295247615901
        5.141624253009840
        5.737424397421678
        6.498859154147429
        7.371955561669252
        8.161590585907819
        8.573485113624740
        8.298551166388556
        7.113719884001237
        4.966322615947546
        2.013844622890292
       -1.393889019561170
       -4.783943628993670
       -7.658919264904105
       -9.596617205538124
      -10.326741171502793
       -9.771193223717571
       -8.046136515613911
       -5.431644546620363
       -2.318060256081993
        0.860861304446905
        3.697035471680590
        5.868142347788260
        7.178378693610189
        7.573776739489955
        7.132392678599780
        6.035514210915131
        4.528290222363315
        2.876944091060533
        1.326905648206958
        0.065464203243371
       -0.805896550885667
       -1.282171909421012
       -1.442718837728524
       -1.417264995768530
       -1.339737480048184
       -1.306540336685833
       -1.355016558889332
       -1.469121310048234
       -1.607136570297069
       -1.736346758457258
       -1.857401579330301
       -2.007085396203478
       -2.238992849239562
       -2.591671622111901
       -3.058848564264002
       -3.574615848268780
       -4.020267620523228
       -4.251075738968940
       -4.134855333131256
       -3.590464315595818
       -2.614242590814569
       -1.285921810972992
        0.248792676463722
        1.813809458483954
        3.244837658445165
        4.423907124770571
        5.295535845251501
        5.862734618678974
        6.170316439647000
        6.287312507202787
        6.296624776263368
        6.290594382847464
        6.363619937937391
        6.592952726706116
        7.008084814774855
        7.562155517912054
        8.125110797358230
        8.512756754287668
        8.548516075691401
        8.135552898760361
        7.307376923225133
        6.231398960844362
        5.159950913887998
        4.347240819834762
        3.965530098315911
        4.052655612948325
        4.507783706235428
        5.131214389634224
        5.687971100350341
        5.970480696032383
        5.842037152452789
        5.253949453617362
        4.238991574375333
        2.888097552057819
        1.318071998521532
       -0.362263454369042
       -2.079060584415351
       -3.805314578775025
       -5.552412686615383
       -7.343004845888246
       -9.174988344647954
      -10.990697516859891
      -12.664040048052774
      -14.012060490921366
      -14.829980952686599
      -14.943252903313525
      -14.265936767289556
      -12.850991759558527
      -10.914435066280129
       -8.815597835824860
       -6.984498079965146
       -5.805683688922478
       -5.490476564725488
       -5.984737475189877
       -6.956188559436909
       -7.880418765456326
       -8.205989298310017
       -7.543413761220411
       -5.807626670701194
       -3.258277611055997
       -0.420892879966050
        2.081501274402985
        3.723561445514535
        4.230283395289987
        3.639194372777599
        2.261493283552213
        0.567972971252427
       -0.953120803590717
       -1.918526838597967
       -2.121153452486455
       -1.541513847658142
       -0.311292908745915
        1.348443913581288
        3.191066276162645
        4.993547115476558
        6.583727418435737
        7.847124491580349
        8.720208280356273
        9.179324776715729
        9.232349486167045
        8.915454424562549
        8.291662269805586
        7.444772666116840
        6.463961336690908
        5.421240315754748
        4.351400854379062
        3.247278881205878
        2.078046526462725
        0.827047606399239
       -0.466406344732041
       -1.682320475151140
       -2.628584411911168
       -3.085801316287112
       -2.875104169972385
       -1.924968812062605
       -0.311745430266826
        1.741561162059137
        3.907957135011491
        5.825729837716484
        7.171876506236694
        7.720300226673931
        7.374976169115776
        6.178577244486291
        4.302611293929601
        2.024323698587993
       -0.307991550151762
       -2.321672926087641
       -3.676083960892392
       -4.120961042828458
       -3.544579923108359
       -1.999468196304824
        0.301490507462645
        3.017891332895158
        5.735954654674939
        8.032103921693862
        9.534179893572064
        9.971407301442630
        9.209064867720036
        7.267878226946277
        4.329589041992807
        0.728654630961499
       -3.073802293791177
       -6.539721727650552
       -9.130386180729419
      -10.403078055399515
      -10.109520922537092
       -8.268521023353077
       -5.185139599389821
       -1.400883137250021
        2.419818083489198
        5.639435289504259
        7.791327125311764
        8.675561958794233
        8.379087032069444
        7.217863961957623
        5.624547676602239
        4.021468824076268
        2.719451951000844
        1.868670737809504
        1.465402361063945
        1.398733568547467
        1.511645691736869
        1.653636478548987
        1.712794887355464
        1.627325221668835
        1.383389155386324
        1.006831740486014
        0.553015592482343
        0.095525284016585
       -0.286362275374117
       -0.519827733489504
       -0.547020036282089
       -0.327247988865841
        0.166800533123432
        0.954299132547003
        2.046113659376199
        3.434399407323226
        5.072838462739101
        6.855157082615367
        8.604303380800237
       10.082954578613450
       11.030677142858600
       11.221128157268168
       10.524770758912656
        8.956752823332176
        6.692262824020259
        4.040708540851328
        1.383274735295895
       -0.909273791132339
       -2.555224967722817
       -3.416457907624442
       -3.519127877813810
       -3.044735864760171
       -2.305457960630439
       -1.717034530206843
       -1.770764999346003
       -2.990424592486349
       -5.852019615559402
      -10.655444017159898
      -17.367467710632440
      -25.492336914033160
      -34.045345992270740
      -41.685600894167827
      -47.005583540592745
      -48.900343893890614
      -46.887929495970162
      -41.257374492066553
      -32.984363799323418
      -23.448896803691628
      -14.065701572342091
       -5.961242976423941
        0.205838912234594
        4.255505908035504
        6.370188230854637
        6.927717097396292
        6.353218264272696
        5.028829192775041
        3.264674641906309
        1.311490896996945
       -0.611418976314232
       -2.294309345631919
       -3.532790744492627
       -4.143484967093402
       -3.993944319680317
       -3.035906287060720
       -1.329050103645547
        0.954983062676366
        3.551588731980669
        6.140208530369676
        8.388652717408057
        9.993978005791446
       10.714907816966790
       10.396477014647242
        8.992669827072053
        6.588383483133820
        3.415633589669198
       -0.148934760098163
       -3.619043558175398
       -6.471715085501956
       -8.247488589111308
       -8.651480842913124
       -7.622204302111671
       -5.343393869667591
       -2.194450398732891
        1.341598359799655
        4.779375643113508
        7.710288000145284
        9.843692912440421
       11.014266931165606
       11.172758492086187
       10.376688329936359
        8.786778171757046
        6.661158403063907
        4.332931016124183
        2.161777553769203
        0.463875811438802
       -0.560791131860509
       -0.877629657486120
       -0.621600661495724
       -0.050972831328321
        0.535655766294305
        0.891054330218104
        0.889093475005630
        0.551381071909116
        0.027061370578861
       -0.462234895239695
       -0.691849962933886
       -0.499133851187794
        0.167138479176520
        1.216789306038739
        2.408660147979998
        3.365178462475868
        3.618419123236571
        2.693473702762274
        0.224922082447950
       -3.915401308929486
       -9.517566992448938
      -16.003434437851237
      -22.497858496873032
      -28.000377608537320
      -31.617972439249357
      -32.790200947040461
      -31.432657714120808
      -27.948485184530018
      -23.101791861781589
      -17.794693038136042
      -12.821452288190430
       -8.678403139534693
       -5.486279434557001
       -3.041136115789319
       -0.967121517448730
        1.088451757853339
        3.288707866801377
        5.527951650176486
        7.465113976950254
        8.654185510926839
        8.720851775202076
        7.518766120387425
        5.208527563073954
        2.232806087529283
       -0.800248674635000
       -3.281154162076120
       -4.753188581174411
       -5.007141642909966
       -4.093184602328112
       -2.258373704641018
        0.156123849006377
        2.814355574489056
        5.447311514590360
        7.865112451409841
        9.933406355450336
       11.541430052627119
       12.588105880757929
       12.996457407090780
       12.746378497844004
       11.902825035227126
       10.617410337101893
        9.095172690036765
        7.536778936562126
        6.079886512219890
        4.764884763812726
        3.539985196804341
        2.303345370296551
        0.963951652644684
       -0.504728786472125
       -2.041133153945200
       -3.511546283902839
       -4.758105450444263
       -5.657198696767257
       -6.162258478905875
       -6.312038950026063
       -6.201349498046265
       -5.928226457200959
       -5.541702396501759
       -5.013103792415533
       -4.242858545026444
       -3.099238423886974
       -1.474091116419168
        0.663703251553325
        3.233231724130882
        6.034259726025708
        8.770354979132735
       11.099331037129224
       12.702623323628911
       13.359220269182305
       13.005441537599491
       11.761473345669785
        9.912030287933142
        7.842893752392941
        5.948509661024321
        4.537641917081706
        3.764634874037461
        3.605517868964982
        3.883489235182018
        4.333253668173879
        4.683187897975425
        4.730982162005827
        4.391591918513969
        3.703887805359694
        2.792391782415202
        1.792328777010299
        0.758285156499040
       -0.412033303261553
       -2.003083236863675
       -4.428081398018024
       -8.092982306742959
      -13.209885663904659
      -19.624388364325306
      -26.733617225257866
      -33.549298100220341
      -38.907562243728442
      -41.765129708744368
      -41.481190113355247
      -37.987081160515437
      -31.791299125082908
      -23.832370871252177
      -15.244344487174189
       -7.116339546700724
       -0.309068685382365
        4.645326415840459
        7.566091267489097
        8.590086406409723
        8.101399911947087
        6.637758705968866
        4.784365295883568
        3.068814230241979
        1.874872330946903
        1.392014835901587
        1.609790600208398
        2.354119013104044
        3.352255001027749
        4.308355522141969
        4.972722002763961
        5.192290719393759
        4.935421747401207
        4.288995538386962
        3.430333970945069
        2.580708232613966
        1.950717054542387
        1.688438855920596
        1.842453210118389
        2.347965567279125
        3.042297514829216
        3.708999124595347
        4.141484039816654
        4.208187283400980
        3.896600385478745
        3.317994233999332
        2.669255165837891
        2.166414705653298
        1.977919621974664
        2.185417952843155
        2.785973795486705
        3.729084364348138
        4.965606013128642
        6.481839675592927
        8.300777996913160
       10.448108303191434
       12.895495046237068
       15.503481681803702
       17.989405711680597
       19.941933566403090
       20.892200360028003
       20.432272153089176
       18.349540002634917
       14.730338674562404
        9.988256970733111
        4.795606705385966
       -0.068187598767918
       -3.904781322917373
       -6.261917624252314
       -7.025567315163615
       -6.417466066143908
       -4.907747009033070
       -3.075679010678142
       -1.460429879555974
       -0.439852261003265
       -0.163081043591312
       -0.546602874613881
       -1.327248446607576
       -2.152143877918554
       -2.678219885834228
       -2.654552100427385
       -1.969277774359401
       -0.655850604640199
        1.133926892754928
        3.174995636324630
        5.216296307844934
        7.019445526554019
        8.385515081244590
        9.172719012005212
        9.309246196966138
        8.802880908676844
        7.743794627364145
        6.294898508634633
        4.665893613701068
        3.073855813818092
        1.700357109673520
        0.658568885072264
       -0.019392354229887
       -0.372258754879914
       -0.482989819083174
       -0.447146223053013
       -0.347267080790649
       -0.239410534885706
       -0.151935536877166
       -0.092262975956895
       -0.056251876680321
       -0.036021705266335
       -0.024571295075960
       -0.017392003162161
       -0.012246265922395
       -0.008294294276602
       -0.005306640857993
       -0.003180716432273
       -0.001780563956760
       -0.000931190070148
       -0.000454016213265
       -0.000209158136603
       -0.000087654824400
       -0.000035043461842
       -0.000012707034954
       -0.000006311745917
       -0.000002548460872
